CustomerID,TotalOrders,TotalRevenue,AverageOrderValue,CLTV,CLTV_Level
14646,73,280206.02,3838.4386301369864,280206.02,VIP
18102,60,259657.3,4327.621666666667,259657.30000000002,VIP
17450,46,194390.79,4225.886739130435,194390.79,VIP
16446,2,168472.5,84236.25,168472.5,VIP
14911,201,143711.17,714.980945273632,143711.17,VIP
12415,21,124914.53,5948.310952380953,124914.53,VIP
14156,55,117210.08,2131.0923636363636,117210.08,VIP
17511,31,91062.38,2937.496129032258,91062.38,VIP
16029,63,80850.84,1283.3466666666666,80850.84,VIP
12346,1,77183.6,77183.6,77183.6,VIP
16684,28,66653.56,2380.4842857142858,66653.56,VIP
14096,17,65164.79,3833.2229411764706,65164.79,VIP
13694,50,65039.62,1300.7924,65039.62,VIP
15311,91,60632.75,666.2939560439561,60632.75000000001,VIP
13089,97,58762.08,605.7946391752578,58762.08,VIP
17949,45,58510.48,1300.232888888889,58510.48,VIP
15769,26,56252.72,2163.566153846154,56252.72000000001,VIP
15061,48,54534.14,1136.1279166666666,54534.14,VIP
14298,44,51527.3,1171.075,51527.3,VIP
14088,13,50491.81,3883.9853846153846,50491.81,VIP
15749,3,44534.3,14844.766666666668,44534.3,VIP
12931,15,42055.96,2803.730666666667,42055.96,VIP
17841,124,40519.84,326.77290322580643,40519.84,VIP
15098,3,39916.5,13305.5,39916.5,VIP
13798,57,37153.85,651.8219298245614,37153.85,VIP
16013,47,37130.6,790.0127659574467,37130.6,VIP
16422,51,34684.4,680.086274509804,34684.4,VIP
15838,19,33643.08,1770.6884210526316,33643.08,VIP
12748,209,33053.19,158.14923444976077,33053.19,VIP
17404,15,31906.82,2127.1213333333335,31906.820000000003,VIP
17389,34,31833.68,936.2847058823529,31833.68,VIP
13098,28,28882.44,1031.5157142857142,28882.44,VIP
14680,16,28754.11,1797.131875,28754.11,VIP
13081,11,28337.38,2576.1254545454544,28337.379999999997,VIP
13408,62,28117.04,453.5006451612903,28117.04,VIP
17857,23,26879.04,1168.6539130434783,26879.04,VIP
16333,22,26626.8,1210.3090909090909,26626.8,VIP
13777,33,25977.16,787.1866666666666,25977.16,VIP
12753,6,21429.39,3571.565,21429.39,VIP
12744,7,21279.29,3039.8985714285714,21279.29,VIP
16210,18,21086.3,1171.461111111111,21086.3,VIP
17675,31,20374.28,657.2348387096774,20374.28,VIP
17381,29,20275.61,699.1589655172414,20275.61,VIP
12471,30,19788.65,659.6216666666667,19788.65,VIP
15039,47,19766.59,420.5657446808511,19766.59,VIP
12731,12,18895.91,1574.6591666666666,18895.91,VIP
15159,30,18641.010000000002,621.3670000000001,18641.010000000002,VIP
12901,28,17654.54,630.5192857142857,17654.54,VIP
12678,12,17628.46,1469.0383333333332,17628.46,VIP
14031,19,17286.86,909.8347368421053,17286.86,VIP
17428,28,17256.85,616.3160714285714,17256.85,VIP
13767,37,17220.36,465.41513513513513,17220.36,VIP
13881,20,17159.52,857.976,17159.52,VIP
16839,34,16594.35,488.06911764705876,16594.35,VIP
12921,37,16587.09,448.29972972972973,16587.09,VIP
17677,30,16345.38,544.846,16345.380000000001,VIP
15189,41,16225.39,395.74121951219513,16225.39,VIP
14607,14,16209.5,1157.8214285714287,16209.500000000002,VIP
15856,27,16143.64,597.9125925925925,16143.64,VIP
14051,23,15610.390000000001,678.7126086956522,15610.390000000001,VIP
15513,19,14758.22,776.7484210526316,14758.22,VIP
16133,33,14589.04,442.09212121212124,14589.04,VIP
14866,12,14389.9,1199.1583333333333,14389.9,VIP
16705,20,14034.99,701.7495,14034.99,VIP
12681,22,13787.54,626.7063636363637,13787.54,VIP
12621,20,13689.67,684.4835,13689.670000000002,VIP
12540,17,13400.24,788.2494117647059,13400.24,VIP
12433,7,13375.87,1910.8385714285716,13375.87,VIP
15498,27,13316.4,493.2,13316.4,VIP
12477,6,13219.74,2203.29,13219.74,VIP
17735,19,13110.02,690.001052631579,13110.02,VIP
16525,26,13027.45,501.0557692307693,13027.45,VIP
14258,9,12669.98,1407.7755555555555,12669.98,VIP
13078,26,12627.94,485.69,12627.94,VIP
12536,3,12601.830000000002,4200.610000000001,12601.830000000002,VIP
15640,15,12416.11,827.7406666666667,12416.11,VIP
16000,3,12393.7,4131.233333333334,12393.7,VIP
17340,11,12353.29,1123.0263636363636,12353.289999999999,VIP
12682,31,12279.82,396.1232258064516,12279.82,VIP
13113,24,12245.960000000001,510.2483333333334,12245.960000000001,VIP
14606,93,12076.15,129.8510752688172,12076.15,VIP
12557,5,11990.960000000001,2398.192,11990.96,VIP
12939,8,11581.8,1447.725,11581.8,VIP
15125,15,11528.48,768.5653333333333,11528.48,VIP
14194,21,11349.52,540.4533333333334,11349.52,VIP
12971,86,11189.91,130.11523255813952,11189.91,VIP
14895,20,11138.710000000001,556.9355,11138.710000000001,VIP
12409,3,11072.67,3690.89,11072.67,VIP
17581,25,11025.24,441.0096,11025.24,VIP
15482,12,10879.76,906.6466666666666,10879.76,VIP
13319,26,10845.550000000001,417.1365384615385,10845.550000000001,VIP
17107,6,10797.48,1799.58,10797.48,VIP
13340,7,10736.48,1533.782857142857,10736.48,VIP
17139,12,10650.77,887.5641666666667,10650.77,VIP
16779,22,10611.72,482.35090909090906,10611.72,VIP
17865,20,10526.32,526.316,10526.32,VIP
17706,17,10504.49,617.9111764705882,10504.49,VIP
15251,11,10484.99,953.180909090909,10484.99,VIP
14062,12,10464.85,872.0708333333333,10464.85,VIP
14769,8,10416.98,1302.1225,10416.98,VIP
15615,23,10399.74,452.1626086956522,10399.74,VIP
15502,12,10384.93,865.4108333333334,10384.93,VIP
16180,8,10254.18,1281.7725,10254.18,VIP
16843,16,10196.57,637.285625,10196.57,VIP
12590,2,9864.26,4932.13,9864.26,VIP
13199,38,9817.12,258.34526315789475,9817.12,VIP
13001,13,9785.970000000001,752.7669230769231,9785.970000000001,VIP
15078,32,9743.11,304.4721875,9743.11,VIP
12709,15,9706.52,647.1013333333334,9706.52,VIP
13458,14,9646.57,689.0407142857142,9646.57,VIP
14733,12,9585.91,798.8258333333333,9585.91,VIP
16523,21,9418.470000000001,448.4985714285715,9418.470000000001,VIP
12567,10,9401.28,940.128,9401.28,VIP
14367,16,9227.82,576.73875,9227.82,VIP
14667,25,9175.04,367.00160000000005,9175.04,VIP
18092,11,9068.26,824.3872727272727,9068.26,VIP
12451,5,9035.52,1807.104,9035.52,VIP
13969,18,9024.17,501.34277777777777,9024.17,VIP
13488,13,8968.31,689.87,8968.31,VIP
13090,14,8910.82,636.4871428571429,8910.82,VIP
16033,20,8778.82,438.941,8778.82,VIP
17017,20,8694.26,434.713,8694.26,VIP
17306,19,8631.31,454.2794736842105,8631.31,VIP
16656,15,8625.8,575.0533333333333,8625.8,VIP
17243,26,8540.05,328.4634615384615,8540.05,VIP
14527,55,8507.13,154.6750909090909,8507.13,VIP
12683,15,8476.57,565.1046666666666,8476.57,VIP
18139,6,8438.34,1406.39,8438.34,VIP
15358,22,8347.2,379.41818181818184,8347.2,VIP
16558,20,8338.49,416.92449999999997,8338.49,VIP
14056,23,8152.71,354.46565217391304,8152.71,VIP
14936,8,8137.02,1017.1275,8137.02,VIP
16672,20,8134.9400000000005,406.747,8134.9400000000005,VIP
13854,25,8109.5199999999995,324.38079999999997,8109.5199999999995,VIP
14952,11,8099.49,736.3172727272727,8099.49,VIP
18109,26,8004.92,307.88153846153847,8004.92,VIP
14796,17,7975.49,469.1464705882353,7975.49,VIP
12428,9,7956.46,884.0511111111111,7956.46,VIP
15290,18,7943.22,441.29,7943.22,VIP
14849,25,7930.54,317.2216,7930.540000000001,VIP
12757,13,7834.650000000001,602.6653846153847,7834.6500000000015,VIP
13093,8,7832.47,979.05875,7832.47,VIP
12435,2,7829.89,3914.945,7829.89,VIP
13629,11,7792.36,708.3963636363636,7792.36,VIP
17811,39,7761.82,199.02102564102563,7761.82,VIP
15044,17,7634.7300000000005,449.1017647058824,7634.7300000000005,VIP
15194,15,7616.53,507.76866666666666,7616.53,VIP
18172,20,7561.68,378.084,7561.68,VIP
13263,35,7436.93,212.48371428571429,7436.93,VIP
12980,9,7374.900000000001,819.4333333333334,7374.900000000001,VIP
15465,18,7354.62,408.59,7354.62,VIP
17396,8,7330.8,916.35,7330.8,VIP
12474,18,7324.09,406.8938888888889,7324.09,VIP
12583,15,7281.38,485.42533333333336,7281.38,VIP
13018,28,7277.7,259.91785714285714,7277.7,VIP
18229,20,7276.9,363.84499999999997,7276.9,VIP
16729,21,7205.33,343.11095238095237,7205.33,VIP
16745,17,7180.7,422.3941176470588,7180.7,VIP
16873,6,7123.62,1187.27,7123.62,VIP
13324,10,7121.95,712.1949999999999,7121.949999999999,VIP
16923,19,7069.08,372.0568421052632,7069.08,VIP
13985,15,7060.13,470.67533333333336,7060.13,VIP
14961,9,7044.68,782.7422222222223,7044.68,VIP
12766,7,6989.63,998.5185714285715,6989.63,VIP
12798,3,6977.04,2325.68,6977.039999999999,VIP
12989,15,6924.11,461.6073333333333,6924.11,VIP
13027,6,6912.0,1152.0,6912.0,VIP
16187,15,6911.4400000000005,460.7626666666667,6911.4400000000005,VIP
16713,15,6910.78,460.71866666666665,6910.78,VIP
17416,7,6893.42,984.7742857142857,6893.42,VIP
12705,9,6868.29,763.1433333333333,6868.29,VIP
12476,11,6816.42,619.6745454545454,6816.419999999999,VIP
12830,6,6814.64,1135.7733333333333,6814.639999999999,VIP
15601,14,6776.56,484.04,6776.56,VIP
16652,7,6773.97,967.71,6773.97,VIP
18055,10,6761.34,676.134,6761.34,VIP
16532,3,6748.8,2249.6,6748.799999999999,VIP
15023,11,6720.41,610.9463636363636,6720.409999999999,VIP
13576,18,6717.34,373.18555555555554,6717.34,VIP
15249,13,6688.46,514.496923076923,6688.46,VIP
16746,18,6680.11,371.1172222222222,6680.11,VIP
16353,23,6675.71,290.24826086956523,6675.71,VIP
12626,9,6620.4800000000005,735.6088888888889,6620.4800000000005,VIP
16182,4,6617.65,1654.4125,6617.65,VIP
15144,17,6580.4400000000005,387.084705882353,6580.4400000000005,VIP
12472,7,6572.11,938.8728571428571,6572.11,VIP
17338,8,6493.54,811.6925,6493.54,VIP
18223,14,6484.54,463.18142857142857,6484.54,VIP
15694,14,6479.4,462.8142857142857,6479.4,VIP
13225,7,6463.84,923.4057142857143,6463.84,VIP
13102,24,6424.09,267.67041666666665,6424.09,VIP
12431,15,6419.95,427.99666666666667,6419.95,VIP
16814,21,6416.7,305.5571428571428,6416.699999999999,VIP
13871,13,6403.25,492.5576923076923,6403.25,VIP
12359,4,6310.03,1577.5075,6310.03,VIP
13668,21,6309.83,300.46809523809526,6309.830000000001,VIP
13709,13,6307.650000000001,485.2038461538462,6307.650000000001,VIP
15005,28,6295.37,224.83464285714285,6295.37,VIP
16126,4,6287.77,1571.9425,6287.77,VIP
17315,38,6281.2300000000005,165.2955263157895,6281.2300000000005,VIP
14057,17,6211.66,365.39176470588234,6211.66,VIP
12357,1,6207.67,6207.67,6207.67,VIP
14060,19,6140.42,323.18,6140.42,VIP
13418,18,6127.43,340.4127777777778,6127.43,VIP
15939,15,6115.01,407.6673333333334,6115.01,VIP
17509,8,6083.64,760.455,6083.64,VIP
14735,32,6065.6900000000005,189.55281250000002,6065.6900000000005,VIP
13097,10,6003.22,600.322,6003.22,VIP
12637,8,6002.9,750.3625,6002.9,VIP
14101,6,5976.79,996.1316666666667,5976.79,VIP
15382,6,5955.71,992.6183333333333,5955.71,VIP
14944,12,5900.25,491.6875,5900.25,VIP
13209,8,5891.61,736.45125,5891.61,VIP
13534,25,5870.08,234.8032,5870.08,VIP
14505,8,5859.43,732.42875,5859.43,VIP
14415,13,5855.57,450.42846153846153,5855.57,VIP
13050,17,5836.86,343.3447058823529,5836.86,VIP
12720,25,5781.7300000000005,231.2692,5781.7300000000005,VIP
15218,11,5756.89,523.3536363636364,5756.89,VIP
17686,7,5739.46,819.9228571428572,5739.46,VIP
13316,4,5732.93,1433.2325,5732.93,VIP
13178,11,5725.47,520.4972727272727,5725.47,VIP
16553,12,5719.82,476.65166666666664,5719.82,VIP
13468,37,5704.97,154.1883783783784,5704.97,VIP
14110,12,5683.15,473.5958333333333,5683.15,VIP
17716,11,5655.99,514.180909090909,5655.99,VIP
13004,18,5655.91,314.21722222222223,5655.91,VIP
17049,9,5655.03,628.3366666666666,5655.029999999999,VIP
18118,26,5625.08,216.34923076923076,5625.08,VIP
17757,30,5593.39,186.44633333333334,5593.39,VIP
12839,14,5591.42,399.38714285714286,5591.42,VIP
12481,10,5579.82,557.982,5579.82,VIP
14688,21,5579.1,265.6714285714286,5579.1,VIP
14049,4,5578.72,1394.68,5578.72,VIP
16767,11,5575.56,506.86909090909097,5575.56,VIP
12539,4,5568.35,1392.0875,5568.35,VIP
16161,19,5533.67,291.2457894736842,5533.67,VIP
18225,12,5504.96,458.74666666666667,5504.96,VIP
16609,7,5493.46,784.78,5493.46,VIP
15805,17,5488.18,322.83411764705886,5488.18,VIP
16985,10,5464.12,546.412,5464.120000000001,VIP
16265,9,5447.0,605.2222222222222,5447.0,VIP
18198,17,5425.56,319.15058823529415,5425.56,VIP
12490,10,5417.93,541.793,5417.93,VIP
17809,12,5411.91,450.9925,5411.91,VIP
16701,13,5398.3,415.25384615384615,5398.3,VIP
17719,15,5396.04,359.736,5396.04,VIP
17850,34,5391.21,158.565,5391.21,VIP
16303,3,5360.63,1786.8766666666668,5360.63,VIP
13269,15,5343.28,356.21866666666665,5343.28,VIP
17730,13,5298.4800000000005,407.5753846153847,5298.4800000000005,VIP
15150,10,5291.33,529.133,5291.33,VIP
17061,11,5232.2300000000005,475.65727272727275,5232.2300000000005,VIP
18226,11,5228.05,475.27727272727276,5228.05,VIP
12362,10,5226.2300000000005,522.623,5226.2300000000005,VIP
16258,5,5203.51,1040.702,5203.51,VIP
13756,14,5189.52,370.68,5189.52,VIP
16191,13,5180.52,398.5015384615385,5180.52,VIP
15727,7,5159.06,737.0085714285715,5159.06,VIP
13599,21,5149.92,245.2342857142857,5149.92,VIP
17858,12,5140.66,428.3883333333333,5140.66,VIP
15903,7,5126.76,732.3942857142857,5126.76,VIP
13941,5,5112.96,1022.592,5112.96,VIP
15046,15,5090.42,339.36133333333333,5090.42,VIP
16700,13,5076.55,390.50384615384615,5076.55,VIP
13139,7,5064.9400000000005,723.5628571428572,5064.9400000000005,VIP
12432,5,5059.32,1011.8639999999999,5059.32,VIP
17602,6,5054.42,842.4033333333333,5054.42,VIP
15301,12,5049.95,420.82916666666665,5049.95,VIP
17426,6,5037.26,839.5433333333334,5037.26,VIP
15719,13,5030.07,386.92846153846153,5030.07,VIP
14755,11,5010.28,455.47999999999996,5010.28,VIP
14562,18,5006.77,278.1538888888889,5006.77,VIP
12444,5,5005.46,1001.092,5005.46,VIP
14329,7,4975.24,710.7485714285714,4975.24,VIP
15032,3,4959.1,1653.0333333333335,4959.1,VIP
12437,18,4951.41,275.0783333333333,4951.41,VIP
12700,4,4939.99,1234.9975,4939.99,VIP
14709,13,4921.04,378.54153846153844,4921.04,VIP
15786,3,4919.0,1639.6666666666667,4919.0,VIP
15547,14,4910.6,350.75714285714287,4910.6,VIP
17133,7,4892.240000000001,698.8914285714287,4892.240000000001,VIP
12664,9,4881.88,542.4311111111111,4881.88,VIP
12688,1,4873.81,4873.81,4873.81,VIP
14292,9,4871.93,541.3255555555556,4871.93,VIP
17652,12,4867.72,405.6433333333334,4867.72,VIP
15738,16,4812.42,300.77625,4812.42,VIP
13013,13,4810.9400000000005,370.07230769230773,4810.9400000000005,VIP
15298,12,4799.9,399.9916666666666,4799.9,VIP
15555,16,4794.86,299.67875,4794.86,VIP
15187,16,4777.18,298.57375,4777.18,VIP
17365,8,4767.36,595.92,4767.36,VIP
12955,11,4757.16,432.4690909090909,4757.16,VIP
14180,25,4748.52,189.94080000000002,4748.52,VIP
15152,13,4745.69,365.0530769230769,4745.69,VIP
16722,13,4730.81,363.90846153846155,4730.81,VIP
17690,15,4726.8,315.12,4726.8,VIP
12714,5,4708.86,941.7719999999999,4708.86,VIP
14135,15,4690.31,312.68733333333336,4690.31,VIP
14191,13,4684.76,360.36615384615385,4684.76,VIP
15291,15,4668.3,311.22,4668.3,VIP
14189,15,4654.08,310.272,4654.08,VIP
14390,9,4642.57,515.8411111111111,4642.57,VIP
14159,11,4630.35,420.94090909090914,4630.35,VIP
14286,3,4628.75,1542.9166666666667,4628.75,VIP
13802,3,4599.42,1533.14,4599.42,VIP
15093,6,4597.02,766.1700000000001,4597.02,VIP
14004,7,4582.64,654.6628571428572,4582.64,VIP
16931,21,4554.87,216.89857142857142,4554.87,VIP
17068,21,4552.14,216.76857142857145,4552.14,VIP
17613,14,4544.55,324.6107142857143,4544.55,VIP
12484,6,4527.32,754.5533333333333,4527.32,VIP
13267,19,4521.49,237.97315789473683,4521.49,VIP
15299,7,4507.01,643.8585714285715,4507.01,VIP
12524,8,4485.72,560.715,4485.72,VIP
17975,13,4483.26,344.86615384615385,4483.26,VIP
14426,10,4481.67,448.16700000000003,4481.67,VIP
12627,7,4478.53,639.79,4478.53,VIP
17364,11,4462.68,405.69818181818187,4462.68,VIP
16984,2,4459.52,2229.76,4459.52,VIP
13069,24,4431.44,184.64333333333332,4431.44,VIP
14085,18,4421.29,245.62722222222223,4421.29,VIP
15955,14,4416.26,315.44714285714286,4416.26,VIP
16626,17,4413.1,259.59411764705885,4413.1,VIP
15874,7,4405.88,629.4114285714286,4405.88,VIP
14534,18,4397.3,244.29444444444445,4397.3,VIP
12712,13,4396.13,338.1638461538462,4396.13,VIP
13505,4,4393.63,1098.4075,4393.63,VIP
12752,1,4366.78,4366.78,4366.78,VIP
16945,19,4345.5,228.71052631578948,4345.5,VIP
14016,4,4341.21,1085.3025,4341.21,VIP
14800,12,4331.79,360.9825,4331.79,VIP
17567,8,4331.48,541.435,4331.48,VIP
18251,1,4314.72,4314.72,4314.72,VIP
12347,7,4310.0,615.7142857142857,4310.0,VIP
17937,7,4301.22,614.46,4301.22,VIP
15034,8,4274.16,534.27,4274.16,VIP
14422,6,4263.64,710.6066666666667,4263.64,VIP
12500,11,4257.82,387.07454545454544,4257.82,VIP
17419,12,4226.57,352.21416666666664,4226.57,VIP
14525,9,4215.9,468.4333333333333,4215.9,VIP
15804,13,4206.39,323.5684615384616,4206.39,VIP
15971,12,4199.85,349.9875,4199.85,VIP
12747,11,4196.01,381.4554545454546,4196.01,VIP
14146,5,4191.0,838.2,4191.0,VIP
14277,3,4188.0,1396.0,4188.0,VIP
12949,8,4167.22,520.9025,4167.22,VIP
13384,7,4151.93,593.1328571428572,4151.93,VIP
15570,12,4148.82,345.73499999999996,4148.82,VIP
13988,6,4147.96,691.3266666666667,4147.96,VIP
12569,32,4124.6900000000005,128.89656250000002,4124.6900000000005,VIP
17920,17,4119.5,242.3235294117647,4119.5,VIP
16592,16,4113.68,257.105,4113.68,VIP
13555,4,4098.88,1024.72,4098.88,VIP
16401,12,4098.32,341.52666666666664,4098.32,VIP
18041,21,4097.37,195.11285714285714,4097.37,VIP
16670,11,4095.9,372.3545454545455,4095.9,VIP
12749,5,4090.88,818.176,4090.88,VIP
14092,14,4076.9100000000003,291.20785714285716,4076.9100000000003,VIP
12449,4,4067.29,1016.8225,4067.29,VIP
17377,20,4058.32,202.916,4058.3199999999997,VIP
18087,2,4055.7200000000003,2027.8600000000001,4055.7200000000003,VIP
14401,13,4051.48,311.6523076923077,4051.4800000000005,VIP
12656,5,4051.17,810.234,4051.17,VIP
16549,10,4034.9,403.49,4034.9,VIP
13815,4,4027.36,1006.84,4027.36,VIP
15514,11,4023.7200000000003,365.7927272727273,4023.7200000000003,VIP
17940,10,4020.04,402.004,4020.04,VIP
12957,8,4017.54,502.1925,4017.54,VIP
12867,7,4009.34,572.7628571428571,4009.3399999999997,VIP
12378,1,4008.62,4008.62,4008.62,VIP
16186,12,4006.94,333.9116666666667,4006.9400000000005,VIP
12841,25,3991.58,159.6632,3991.58,VIP
17001,11,3989.57,362.6881818181818,3989.57,VIP
15416,4,3984.32,996.08,3984.32,VIP
12779,8,3981.36,497.67,3981.36,VIP
12727,7,3980.7000000000003,568.6714285714286,3980.7,VIP
14547,8,3974.75,496.84375,3974.75,VIP
14299,9,3965.62,440.6244444444444,3965.62,VIP
13523,5,3964.88,792.976,3964.88,VIP
15529,11,3962.6,360.23636363636365,3962.6000000000004,VIP
17611,15,3961.12,264.07466666666664,3961.12,VIP
13183,9,3957.78,439.75333333333333,3957.7799999999997,VIP
17769,10,3957.43,395.743,3957.43,VIP
17651,10,3945.0,394.5,3945.0,VIP
12473,5,3928.05,785.61,3928.05,VIP
17593,5,3923.86,784.772,3923.86,VIP
14739,7,3902.28,557.4685714285714,3902.2799999999997,VIP
13999,12,3901.81,325.1508333333333,3901.8099999999995,VIP
14291,11,3883.25,353.02272727272725,3883.25,VIP
15195,1,3861.0,3861.0,3861.0,VIP
18073,12,3859.82,321.6516666666667,3859.8200000000006,VIP
12662,11,3849.78,349.98,3849.78,VIP
16717,6,3843.08,640.5133333333333,3843.08,VIP
13266,12,3834.2599999999998,319.52166666666665,3834.2599999999998,VIP
17091,9,3827.76,425.3066666666667,3827.76,VIP
16327,6,3820.27,636.7116666666667,3820.2700000000004,VIP
12755,2,3811.9500000000003,1905.9750000000001,3811.9500000000003,VIP
12597,4,3811.22,952.805,3811.22,VIP
15867,15,3810.14,254.00933333333333,3810.14,VIP
13435,7,3809.89,544.27,3809.89,VIP
12668,4,3807.15,951.7875,3807.15,VIP
16145,11,3799.4900000000002,345.40818181818184,3799.4900000000002,VIP
16655,6,3789.52,631.5866666666667,3789.5200000000004,VIP
16168,27,3787.6,140.28148148148148,3787.6,VIP
16019,9,3786.24,420.6933333333333,3786.24,VIP
12562,7,3781.7400000000002,540.2485714285715,3781.7400000000007,VIP
17173,8,3766.6,470.825,3766.6,VIP
13124,3,3756.33,1252.11,3756.33,VIP
12429,4,3750.4,937.6,3750.4,VIP
14145,4,3742.2,935.55,3742.2,VIP
13552,12,3740.07,311.6725,3740.07,VIP
16570,10,3738.4,373.84000000000003,3738.4000000000005,VIP
12502,5,3723.87,744.774,3723.87,VIP
12647,12,3722.82,310.235,3722.82,VIP
13680,4,3719.12,929.78,3719.12,VIP
17238,17,3719.1,218.7705882352941,3719.0999999999995,VIP
16240,2,3718.8,1859.4,3718.8,VIP
14364,8,3717.35,464.66875,3717.35,VIP
15845,8,3711.77,463.97125,3711.77,VIP
15622,9,3709.56,412.17333333333335,3709.56,VIP
17819,7,3704.87,529.2671428571429,3704.87,VIP
15379,7,3703.29,529.0414285714286,3703.29,VIP
14282,15,3701.44,246.76266666666666,3701.44,VIP
12553,10,3692.28,369.228,3692.28,VIP
16253,2,3683.86,1841.93,3683.86,VIP
13148,12,3683.26,306.93833333333333,3683.26,VIP
15581,13,3675.77,282.7515384615385,3675.77,VIP
15296,6,3672.86,612.1433333333333,3672.8599999999997,VIP
16904,16,3653.75,228.359375,3653.75,VIP
15808,4,3651.27,912.8175,3651.27,VIP
12417,9,3649.1,405.4555555555555,3649.0999999999995,VIP
13426,10,3641.32,364.132,3641.32,VIP
12619,9,3641.24,404.5822222222222,3641.24,VIP
16440,5,3640.67,728.134,3640.67,VIP
13381,6,3639.31,606.5516666666666,3639.3099999999995,VIP
17230,8,3638.41,454.80125,3638.41,VIP
17528,8,3628.5,453.5625,3628.5,VIP
13327,8,3627.77,453.47125,3627.77,VIP
13520,6,3624.35,604.0583333333333,3624.3499999999995,VIP
13082,9,3613.63,401.51444444444445,3613.63,VIP
18079,4,3613.15,903.2875,3613.15,VIP
16712,11,3611.31,328.3009090909091,3611.31,VIP
15505,5,3610.96,722.192,3610.96,VIP
13137,8,3603.29,450.41125,3603.29,VIP
14543,16,3599.73,224.983125,3599.73,VIP
15484,4,3590.41,897.6025,3590.41,VIP
14132,11,3586.03,326.00272727272727,3586.0299999999997,VIP
16242,7,3579.86,511.40857142857146,3579.86,VIP
17576,19,3564.83,187.62263157894736,3564.83,VIP
14040,12,3560.32,296.6933333333333,3560.3199999999997,VIP
17203,6,3560.08,593.3466666666667,3560.08,VIP
17491,10,3558.87,355.887,3558.87,VIP
15544,9,3546.71,394.0788888888889,3546.71,VIP
14503,6,3543.26,590.5433333333334,3543.26,VIP
12370,4,3541.94,885.485,3541.94,VIP
13448,6,3534.69,589.115,3534.69,VIP
12454,1,3528.34,3528.34,3528.34,VIP
17160,6,3518.03,586.3383333333334,3518.03,VIP
13953,7,3515.68,502.23999999999995,3515.68,VIP
15113,3,3509.43,1169.81,3509.43,VIP
16131,6,3506.54,584.4233333333333,3506.54,VIP
13334,3,3502.32,1167.44,3502.32,VIP
14907,7,3501.1,500.15714285714284,3501.1,VIP
16458,18,3482.7400000000002,193.48555555555558,3482.7400000000002,VIP
14395,9,3479.91,386.65666666666664,3479.91,VIP
13993,9,3466.36,385.1511111111111,3466.36,VIP
13014,10,3466.28,346.62800000000004,3466.2800000000007,VIP
15410,8,3450.84,431.355,3450.84,VIP
16360,6,3450.41,575.0683333333333,3450.41,VIP
15129,11,3447.4,313.40000000000003,3447.4000000000005,VIP
13536,7,3444.39,492.05571428571426,3444.39,VIP
15974,7,3442.15,491.7357142857143,3442.15,VIP
17725,11,3439.08,312.64363636363635,3439.08,VIP
15676,3,3435.76,1145.2533333333333,3435.76,VIP
14221,9,3432.8,381.4222222222222,3432.8,VIP
12406,2,3415.3,1707.65,3415.3,VIP
15981,8,3408.48,426.06,3408.48,VIP
17758,8,3408.2,426.025,3408.2,VIP
13437,7,3408.06,486.86571428571426,3408.06,VIP
17669,7,3406.7200000000003,486.67428571428576,3406.7200000000003,VIP
13198,6,3401.2400000000002,566.8733333333333,3401.24,VIP
15228,4,3386.71,846.6775,3386.71,VIP
13842,9,3385.62,376.18,3385.62,VIP
16011,16,3352.96,209.56,3352.96,VIP
14227,10,3350.96,335.096,3350.96,VIP
16818,11,3349.57,304.50636363636363,3349.5699999999997,VIP
16607,14,3347.71,239.12214285714285,3347.71,VIP
17183,6,3347.31,557.885,3347.31,VIP
12643,6,3344.64,557.4399999999999,3344.6399999999994,VIP
12613,5,3344.38,668.876,3344.38,VIP
13015,5,3339.64,667.928,3339.64,VIP
12594,10,3338.2200000000003,333.822,3338.2200000000003,VIP
16556,7,3313.79,473.3985714285714,3313.79,VIP
13373,3,3312.25,1104.0833333333333,3312.25,VIP
14841,6,3295.76,549.2933333333334,3295.76,VIP
15632,8,3285.31,410.66375,3285.31,VIP
12480,4,3281.63,820.4075,3281.63,VIP
15764,6,3279.9700000000003,546.6616666666667,3279.9700000000003,VIP
17723,6,3276.4000000000005,546.0666666666667,3276.4000000000005,VIP
14702,17,3251.79,191.28176470588235,3251.79,VIP
13952,2,3251.071,1625.5355,3251.071,VIP
13047,10,3237.54,323.754,3237.54,VIP
15708,7,3235.25,462.17857142857144,3235.25,VIP
14175,3,3222.3,1074.1000000000001,3222.3,VIP
13880,13,3219.77,247.67461538461538,3219.77,VIP
15443,7,3213.59,459.0842857142857,3213.59,VIP
14388,8,3212.84,401.605,3212.84,VIP
16107,7,3204.1600000000003,457.7371428571429,3204.1600000000003,VIP
13868,2,3192.54,1596.27,3192.54,VIP
13758,7,3190.55,455.79285714285714,3190.55,VIP
14844,4,3189.81,797.4525,3189.81,VIP
17220,14,3187.55,227.68214285714288,3187.55,VIP
17050,6,3185.64,530.9399999999999,3185.6399999999994,VIP
12456,3,3181.04,1060.3466666666666,3181.04,VIP
17672,2,3178.17,1589.085,3178.17,VIP
13268,11,3174.75,288.6136363636364,3174.75,VIP
16837,11,3170.98,288.2709090909091,3170.9799999999996,VIP
16041,3,3166.4,1055.4666666666667,3166.4,VIP
17863,6,3160.0,526.6666666666666,3160.0,VIP
15065,4,3158.13,789.5325,3158.13,VIP
17685,7,3155.83,450.8328571428571,3155.83,VIP
15861,8,3146.92,393.365,3146.92,VIP
14235,5,3144.86,628.972,3144.8599999999997,VIP
17231,10,3124.72,312.472,3124.72,VIP
13685,7,3119.44,445.63428571428574,3119.44,VIP
16678,12,3109.99,259.1658333333333,3109.99,VIP
13742,12,3107.87,258.9891666666667,3107.87,VIP
14099,11,3104.17,282.1972727272727,3104.17,VIP
15491,6,3100.09,516.6816666666667,3100.09,VIP
14257,5,3099.7200000000003,619.9440000000001,3099.7200000000003,VIP
14565,4,3099.12,774.78,3099.12,VIP
13135,1,3096.0,3096.0,3096.0,VIP
16156,9,3092.04,343.56,3092.04,VIP
13362,4,3090.7400000000002,772.6850000000001,3090.7400000000002,VIP
16218,7,3084.68,440.6685714285714,3084.68,VIP
13869,4,3083.65,770.9125,3083.65,VIP
17059,5,3080.39,616.078,3080.39,VIP
15998,5,3080.22,616.044,3080.22,VIP
18272,6,3078.58,513.0966666666667,3078.58,VIP
12910,8,3075.04,384.38,3075.04,VIP
13631,11,3070.42,279.1290909090909,3070.42,VIP
16940,3,3049.88,1016.6266666666667,3049.88,VIP
16393,13,3040.96,233.92000000000002,3040.96,VIP
16326,14,3039.2200000000003,217.08714285714288,3039.2200000000003,VIP
17799,10,3039.17,303.91700000000003,3039.17,VIP
16905,7,3037.6,433.9428571428571,3037.6,VIP
16709,5,3029.87,605.9739999999999,3029.87,VIP
12598,8,3023.08,377.885,3023.08,VIP
12395,12,3018.63,251.5525,3018.63,VIP
18094,7,3017.3,431.04285714285714,3017.3,VIP
14456,9,3017.28,335.25333333333333,3017.2799999999997,VIP
12754,3,3010.74,1003.5799999999999,3010.74,VIP
15521,8,3000.2,375.025,3000.2,VIP
17659,12,2999.46,249.955,2999.46,VIP
17504,9,2997.03,333.00333333333333,2997.0299999999997,VIP
12670,5,2996.05,599.21,2996.05,VIP
14307,6,2995.7200000000003,499.2866666666667,2995.7200000000003,VIP
15687,9,2993.1,332.56666666666666,2993.1,VIP
14639,6,2984.4900000000002,497.415,2984.4900000000002,VIP
14032,11,2975.59,270.5081818181818,2975.59,VIP
15854,12,2969.12,247.42666666666665,2969.12,VIP
16497,6,2965.69,494.2816666666667,2965.69,VIP
17924,7,2962.5,423.2142857142857,2962.5,VIP
16686,7,2959.88,422.84000000000003,2959.88,VIP
14868,8,2953.59,369.19875,2953.59,VIP
12916,4,2944.95,736.2375,2944.95,VIP
17444,3,2940.04,980.0133333333333,2940.04,VIP
16316,8,2938.91,367.36375,2938.91,VIP
17512,10,2924.9900000000002,292.499,2924.9900000000002,VIP
15606,9,2920.16,324.4622222222222,2920.16,VIP
12906,5,2919.81,583.962,2919.81,VIP
14112,7,2915.15,416.45,2915.15,VIP
12438,2,2906.85,1453.425,2906.85,VIP
13451,5,2898.2599999999998,579.6519999999999,2898.2599999999998,VIP
17644,11,2895.64,263.24,2895.6400000000003,VIP
18144,12,2888.75,240.72916666666666,2888.75,VIP
12408,5,2888.55,577.71,2888.55,VIP
13735,4,2883.54,720.885,2883.54,VIP
16633,6,2883.1,480.51666666666665,2883.1,VIP
14251,5,2879.7000000000003,575.94,2879.7000000000003,VIP
17728,3,2876.01,958.6700000000001,2876.01,VIP
14005,5,2874.72,574.944,2874.72,VIP
15628,9,2870.2400000000002,318.91555555555556,2870.24,VIP
13901,5,2867.2000000000003,573.44,2867.2000000000003,VIP
12685,6,2863.08,477.18,2863.08,VIP
14530,6,2862.11,477.0183333333334,2862.11,VIP
18145,4,2861.55,715.3875,2861.55,VIP
14535,3,2854.84,951.6133333333333,2854.84,VIP
14711,11,2839.62,258.1472727272727,2839.62,VIP
14852,6,2836.69,472.7816666666667,2836.69,VIP
14842,4,2824.69,706.1725,2824.69,VIP
16928,17,2814.7,165.5705882352941,2814.7,VIP
16871,6,2812.34,468.72333333333336,2812.34,VIP
12356,3,2811.43,937.1433333333333,2811.43,VIP
18230,7,2810.2000000000003,401.4571428571429,2810.2000000000003,VIP
17596,7,2806.69,400.9557142857143,2806.69,VIP
14572,7,2804.54,400.6485714285714,2804.54,VIP
16081,5,2799.42,559.884,2799.42,VIP
13769,10,2796.51,279.651,2796.51,VIP
14903,5,2795.33,559.066,2795.33,VIP
12578,2,2794.51,1397.255,2794.51,VIP
12758,2,2791.59,1395.795,2791.59,VIP
17739,7,2791.35,398.7642857142857,2791.35,VIP
14626,4,2791.27,697.8175,2791.27,VIP
16764,13,2790.9500000000003,214.68846153846155,2790.9500000000003,VIP
17213,7,2781.23,397.31857142857143,2781.23,VIP
12388,6,2780.6600000000003,463.4433333333334,2780.6600000000003,VIP
15984,10,2780.63,278.063,2780.63,VIP
14121,4,2780.15,695.0375,2780.15,VIP
15993,7,2777.67,396.81,2777.67,VIP
13870,8,2770.94,346.3675,2770.94,VIP
15114,10,2760.56,276.056,2760.56,VIP
13971,8,2758.26,344.7825,2758.26,VIP
13230,14,2755.63,196.8307142857143,2755.63,VIP
15321,3,2748.31,916.1033333333334,2748.31,VIP
17084,2,2747.9900000000002,1373.9950000000001,2747.9900000000002,VIP
12669,3,2744.0299999999997,914.6766666666666,2744.0299999999997,VIP
13174,3,2742.82,914.2733333333334,2742.82,VIP
14854,7,2740.03,391.4328571428572,2740.03,VIP
16003,5,2735.37,547.074,2735.37,VIP
12840,4,2726.77,681.6925,2726.77,VIP
15673,4,2726.23,681.5575,2726.23,VIP
12380,4,2724.81,681.2025,2724.81,VIP
17838,5,2720.8,544.1600000000001,2720.8,VIP
14125,3,2720.63,906.8766666666667,2720.63,VIP
14808,8,2718.6,339.825,2718.6,VIP
15356,10,2718.03,271.803,2718.0299999999997,VIP
12708,10,2712.91,271.291,2712.91,VIP
16938,4,2711.6800000000003,677.9200000000001,2711.6800000000003,VIP
15696,8,2711.11,338.88875,2711.11,VIP
17069,9,2709.7000000000003,301.0777777777778,2709.7,VIP
13285,4,2709.12,677.28,2709.12,VIP
15796,8,2708.61,338.57625,2708.61,VIP
13654,6,2707.33,451.22166666666664,2707.33,VIP
14107,7,2703.23,386.17571428571426,2703.23,VIP
14732,8,2702.4900000000002,337.81125000000003,2702.4900000000002,VIP
17386,6,2686.42,447.7366666666667,2686.42,VIP
12625,2,2683.82,1341.91,2683.82,VIP
13883,5,2674.48,534.896,2674.4799999999996,VIP
18097,6,2662.4,443.73333333333335,2662.4,VIP
14713,11,2662.2,242.0181818181818,2662.2,VIP
12360,3,2662.06,887.3533333333334,2662.06,VIP
14439,1,2661.24,2661.24,2661.24,VIP
15671,7,2657.13,379.59000000000003,2657.13,VIP
12721,6,2656.13,442.68833333333333,2656.13,VIP
13851,3,2651.46,883.82,2651.46,VIP
16618,5,2647.59,529.518,2647.59,VIP
13658,5,2639.17,527.8340000000001,2639.17,VIP
17655,7,2638.94,376.99142857142857,2638.94,VIP
13771,4,2634.45,658.6125,2634.45,VIP
12520,5,2634.26,526.8520000000001,2634.26,VIP
17402,13,2633.85,202.60384615384615,2633.85,VIP
18260,6,2628.35,438.05833333333334,2628.35,VIP
15752,7,2626.6,375.2285714285714,2626.6,VIP
13422,1,2626.3,2626.3,2626.3,VIP
13644,4,2624.26,656.065,2624.26,VIP
17346,15,2622.88,174.85866666666666,2622.88,VIP
18210,6,2621.38,436.8966666666667,2621.38,VIP
16255,8,2619.91,327.48875,2619.91,VIP
14262,8,2618.23,327.27875,2618.23,VIP
13021,9,2616.38,290.7088888888889,2616.38,VIP
15782,3,2614.74,871.5799999999999,2614.74,VIP
14397,19,2612.96,137.52421052631578,2612.96,VIP
18075,10,2611.75,261.175,2611.75,VIP
12836,4,2610.36,652.59,2610.36,VIP
12726,7,2609.1,372.7285714285714,2609.1,VIP
13136,5,2607.61,521.522,2607.61,VIP
13983,12,2603.43,216.9525,2603.43,VIP
17317,3,2600.34,866.7800000000001,2600.34,VIP
17965,14,2599.19,185.65642857142856,2599.19,VIP
12600,10,2599.04,259.904,2599.04,VIP
14408,7,2599.03,371.29,2599.03,VIP
13895,4,2593.07,648.2675,2593.07,VIP
16919,11,2592.25,235.6590909090909,2592.25,VIP
16241,13,2590.31,199.2546153846154,2590.31,VIP
14243,10,2588.77,258.877,2588.77,VIP
13804,7,2588.39,369.77,2588.39,VIP
18077,11,2584.41,234.94636363636363,2584.41,VIP
13911,9,2580.91,286.7677777777778,2580.91,VIP
14546,5,2573.93,514.786,2573.93,VIP
18245,7,2567.06,366.72285714285715,2567.06,VIP
15485,3,2564.5,854.8333333333334,2564.5,VIP
16308,4,2560.0,640.0,2560.0,VIP
15033,10,2557.18,255.718,2557.18,VIP
16912,11,2555.58,232.32545454545453,2555.58,VIP
14334,8,2552.21,319.02625,2552.21,VIP
14676,6,2548.2400000000002,424.7066666666667,2548.2400000000002,VIP
14776,11,2538.2999999999997,230.75454545454542,2538.2999999999997,VIP
17700,4,2534.64,633.66,2534.64,VIP
15572,7,2533.42,361.9171428571429,2533.42,VIP
14659,9,2529.93,281.1033333333333,2529.93,VIP
17314,8,2527.92,315.99,2527.92,VIP
14701,9,2526.09,280.6766666666667,2526.09,VIP
13394,8,2520.02,315.0025,2520.02,VIP
17449,7,2519.21,359.88714285714286,2519.21,VIP
15245,3,2515.84,838.6133333333333,2515.84,VIP
13344,3,2511.69,837.23,2511.69,VIP
12352,8,2506.04,313.255,2506.04,VIP
13695,15,2504.13,166.942,2504.13,VIP
13471,4,2501.84,625.46,2501.84,VIP
15932,8,2495.87,311.98375,2495.87,VIP
16477,7,2494.46,356.3514285714286,2494.46,VIP
15271,15,2493.34,166.22266666666667,2493.34,VIP
12483,8,2484.98,310.6225,2484.98,VIP
12913,5,2483.63,496.726,2483.63,VIP
12517,5,2481.6,496.32,2481.6,VIP
14315,6,2481.13,413.5216666666667,2481.13,VIP
13507,4,2479.16,619.79,2479.16,VIP
13588,9,2478.95,275.43888888888887,2478.95,VIP
17682,6,2474.33,412.3883333333333,2474.33,VIP
17188,7,2474.23,353.4614285714286,2474.23,VIP
14766,6,2473.37,412.2283333333333,2473.37,VIP
16710,10,2467.9900000000002,246.79900000000004,2467.9900000000002,VIP
17164,7,2467.35,352.4785714285714,2467.35,VIP
12455,6,2466.86,411.1433333333334,2466.86,VIP
17131,5,2463.17,492.634,2463.17,VIP
15750,8,2463.05,307.88125,2463.05,VIP
13784,11,2462.79,223.89,2462.79,VIP
13975,6,2461.2400000000002,410.2066666666667,2461.2400000000002,VIP
15674,5,2446.6,489.32,2446.6,VIP
14163,4,2445.91,611.4775,2445.91,VIP
14502,11,2429.83,220.89363636363635,2429.83,VIP
17071,9,2429.03,269.89222222222224,2429.03,VIP
15527,8,2428.53,303.56625,2428.53,VIP
13949,6,2427.32,404.55333333333334,2427.32,VIP
16143,6,2424.94,404.1566666666667,2424.94,VIP
17722,4,2424.04,606.01,2424.04,VIP
15089,6,2420.84,403.47333333333336,2420.84,VIP
15373,12,2415.91,201.32583333333332,2415.91,VIP
12397,2,2409.9,1204.95,2409.9,VIP
17589,4,2404.17,601.0425,2404.17,VIP
15980,3,2398.86,799.62,2398.86,VIP
18065,14,2392.83,170.91642857142855,2392.83,VIP
13141,5,2388.75,477.75,2388.75,VIP
15370,7,2386.05,340.86428571428576,2386.05,VIP
14493,5,2383.2400000000002,476.648,2383.2400000000002,VIP
14239,11,2380.85,216.4409090909091,2380.85,VIP
15270,7,2379.49,339.9271428571428,2379.49,VIP
13722,3,2375.41,791.8033333333333,2375.41,VIP
17434,7,2373.82,339.1171428571429,2373.82,VIP
13908,4,2369.55,592.3875,2369.55,VIP
17530,10,2367.12,236.712,2367.12,VIP
15755,6,2364.25,394.0416666666667,2364.25,VIP
12457,7,2363.23,337.6042857142857,2363.23,VIP
14930,3,2362.96,787.6533333333333,2362.96,VIP
14030,8,2358.84,294.855,2358.84,VIP
17634,9,2358.59,262.0655555555556,2358.59,VIP
14440,5,2357.68,471.53599999999994,2357.68,VIP
15140,7,2354.25,336.32142857142856,2354.25,VIP
14309,9,2352.53,261.39222222222224,2352.53,VIP
12704,8,2340.84,292.605,2340.84,VIP
18259,3,2338.6,779.5333333333333,2338.6,VIP
12584,9,2338.15,259.7944444444445,2338.1500000000005,VIP
18257,8,2337.63,292.20375,2337.63,VIP
15281,9,2332.15,259.1277777777778,2332.15,VIP
12782,5,2330.92,466.184,2330.92,VIP
15785,5,2328.9700000000003,465.79400000000004,2328.9700000000003,VIP
17313,1,2328.84,2328.84,2328.84,VIP
17744,6,2322.4,387.06666666666666,2322.4,VIP
17211,8,2317.2200000000003,289.65250000000003,2317.2200000000003,VIP
14290,5,2314.65,462.93,2314.65,VIP
15365,7,2314.32,330.6171428571429,2314.32,VIP
17954,12,2314.13,192.84416666666667,2314.13,VIP
13704,9,2308.06,256.4511111111111,2308.06,VIP
15288,5,2306.52,461.304,2306.52,VIP
16550,5,2298.97,459.794,2298.97,VIP
15105,7,2298.93,328.4185714285714,2298.93,VIP
13115,4,2294.78,573.695,2294.78,VIP
15704,4,2293.62,573.405,2293.62,VIP
12615,4,2291.19,572.7975,2291.19,VIP
17696,8,2285.71,285.71375,2285.71,VIP
12684,7,2283.63,326.23285714285714,2283.63,VIP
14554,4,2279.4900000000002,569.8725000000001,2279.4900000000002,VIP
13994,6,2274.14,379.0233333333333,2274.14,VIP
13317,6,2273.68,378.94666666666666,2273.68,VIP
14466,7,2272.4,324.62857142857143,2272.4,VIP
16782,13,2267.9500000000003,174.45769230769233,2267.9500000000003,VIP
16057,7,2263.12,323.30285714285714,2263.12,VIP
16209,5,2262.62,452.524,2262.62,VIP
16293,10,2248.9900000000002,224.89900000000003,2248.9900000000002,VIP
13700,10,2248.63,224.863,2248.63,VIP
17442,6,2248.56,374.76,2248.56,VIP
14432,6,2248.5,374.75,2248.5,VIP
15235,12,2247.51,187.29250000000002,2247.51,VIP
16735,5,2247.41,449.48199999999997,2247.41,VIP
16771,5,2242.61,448.52200000000005,2242.61,VIP
13527,7,2242.36,320.33714285714285,2242.36,VIP
14211,9,2241.1,249.0111111111111,2241.1,VIP
14560,22,2237.77,101.71681818181818,2237.77,VIP
16076,10,2234.73,223.473,2234.73,VIP
18242,4,2232.4900000000002,558.1225000000001,2232.4900000000002,VIP
12783,6,2225.91,370.98499999999996,2225.91,VIP
13365,2,2225.37,1112.685,2225.37,VIP
15834,4,2225.15,556.2875,2225.15,VIP
15665,2,2222.21,1111.105,2222.21,VIP
14825,12,2221.01,185.08416666666668,2221.01,VIP
15811,6,2218.62,369.77,2218.62,VIP
12876,2,2218.02,1109.01,2218.02,VIP
14226,5,2214.79,442.95799999999997,2214.79,VIP
16743,7,2213.13,316.1614285714286,2213.13,VIP
15722,5,2211.21,442.242,2211.21,VIP
12653,2,2209.85,1104.925,2209.85,VIP
13862,8,2209.36,276.17,2209.36,VIP
15797,4,2207.4,551.85,2207.4,VIP
15179,5,2206.9500000000003,441.39000000000004,2206.9500000000003,VIP
17591,7,2203.67,314.81,2203.67,VIP
15123,2,2199.31,1099.655,2199.31,VIP
13831,6,2198.45,366.4083333333333,2198.45,VIP
14700,3,2195.1,731.6999999999999,2195.1,VIP
16628,5,2188.05,437.61,2188.05,VIP
17406,3,2184.42,728.14,2184.42,VIP
15394,4,2183.54,545.885,2183.54,VIP
12909,5,2178.67,435.73400000000004,2178.67,VIP
12856,6,2170.78,361.7966666666667,2170.78,VIP
12501,1,2169.39,2169.39,2169.39,VIP
14341,8,2166.98,270.8725,2166.98,VIP
12633,4,2163.98,540.995,2163.98,VIP
12935,7,2160.7,308.6714285714285,2160.7,VIP
16456,5,2158.18,431.63599999999997,2158.18,VIP
14407,6,2157.73,359.62166666666667,2157.73,VIP
16379,4,2157.4,539.35,2157.4,VIP
13224,2,2155.95,1077.975,2155.95,VIP
16966,7,2154.97,307.8528571428571,2154.97,VIP
17272,4,2148.63,537.1575,2148.63,VIP
14828,3,2139.76,713.2533333333334,2139.76,VIP
12560,3,2134.01,711.3366666666667,2134.01,VIP
13517,3,2128.42,709.4733333333334,2128.42,VIP
18061,10,2119.41,211.94099999999997,2119.41,VIP
13632,5,2118.93,423.78599999999994,2118.93,VIP
14360,4,2118.03,529.5075,2118.03,VIP
18008,9,2116.19,235.13222222222223,2116.19,VIP
14691,5,2114.33,422.866,2114.33,VIP
13755,9,2108.06,234.2288888888889,2108.06,VIP
14640,6,2107.38,351.23,2107.38,VIP
18173,4,2106.84,526.71,2106.84,VIP
18093,4,2106.52,526.63,2106.52,VIP
14461,3,2103.06,701.02,2103.06,VIP
15058,11,2102.54,191.14,2102.54,VIP
15815,5,2100.6,420.12,2100.6,VIP
13126,8,2099.64,262.455,2099.64,VIP
12610,5,2099.54,419.908,2099.54,VIP
17861,8,2097.88,262.235,2097.88,VIP
17400,5,2097.84,419.56800000000004,2097.84,VIP
16875,5,2095.53,419.10600000000005,2095.53,VIP
17191,7,2093.68,299.09714285714284,2093.68,VIP
14306,2,2093.32,1046.66,2093.32,VIP
13265,5,2092.66,418.532,2092.66,VIP
17490,7,2092.32,298.90285714285716,2092.32,VIP
13297,4,2089.85,522.4625,2089.85,VIP
13571,12,2088.94,174.07833333333335,2088.94,VIP
18044,10,2088.6,208.85999999999999,2088.6,VIP
14810,11,2085.33,189.57545454545453,2085.33,VIP
16954,9,2085.08,231.67555555555555,2085.08,VIP
17768,3,2081.9,693.9666666666667,2081.9,VIP
16407,10,2079.68,207.968,2079.68,VIP
14696,7,2078.95,296.99285714285713,2078.95,VIP
14515,6,2076.89,346.1483333333333,2076.89,VIP
14209,6,2073.43,345.57166666666666,2073.43,VIP
18241,17,2073.09,121.9464705882353,2073.09,VIP
18231,5,2071.77,414.354,2071.77,VIP
18219,10,2069.77,206.977,2069.77,VIP
12948,7,2064.95,294.99285714285713,2064.95,VIP
12928,5,2062.7,412.53999999999996,2062.7,VIP
16281,1,2062.06,2062.06,2062.06,VIP
14409,6,2059.4500000000003,343.24166666666673,2059.4500000000003,VIP
12518,5,2056.89,411.378,2056.89,VIP
17667,5,2055.51,411.10200000000003,2055.51,VIP
14188,6,2054.36,342.3933333333334,2054.36,VIP
16150,5,2053.02,410.604,2053.02,VIP
17086,6,2050.08,341.68,2050.08,VIP
17612,6,2048.45,341.4083333333333,2048.45,VIP
14232,5,2048.07,409.61400000000003,2048.07,VIP
18283,16,2045.53,127.845625,2045.53,VIP
13495,5,2044.8700000000001,408.97400000000005,2044.8700000000003,VIP
17597,1,2044.3700000000001,2044.3700000000001,2044.3700000000001,VIP
13450,6,2043.72,340.62,2043.72,VIP
14001,3,2043.0800000000002,681.0266666666668,2043.0800000000004,VIP
12585,2,2040.1,1020.05,2040.1,VIP
17846,1,2033.1,2033.1,2033.1,VIP
13630,7,2031.78,290.2542857142857,2031.7799999999997,VIP
16358,4,2027.5,506.875,2027.5,VIP
16409,5,2022.98,404.596,2022.98,VIP
14482,6,2022.81,337.135,2022.81,VIP
15341,1,2020.52,2020.52,2020.52,VIP
17625,4,2020.4,505.1,2020.4,VIP
13593,5,2011.88,402.37600000000003,2011.88,VIP
18069,5,2009.24,401.848,2009.24,VIP
15372,1,2007.4,2007.4,2007.4,VIP
16098,7,2005.63,286.5185714285714,2005.6299999999999,VIP
14217,17,2004.98,117.94,2004.98,VIP
14544,2,2004.3,1002.15,2004.3,VIP
17082,2,2003.8500000000001,1001.9250000000001,2003.8500000000001,VIP
16754,1,2002.4,2002.4,2002.4,VIP
18188,3,2001.04,667.0133333333333,2001.04,VIP
13305,10,2000.86,200.08599999999998,2000.86,VIP
16698,2,1998.0,999.0,1998.0,VIP
17679,2,1992.1100000000001,996.0550000000001,1992.1100000000001,VIP
17088,4,1991.01,497.7525,1991.01,VIP
17827,5,1987.33,397.466,1987.33,VIP
13590,6,1981.92,330.32,1981.92,VIP
17337,4,1981.06,495.265,1981.06,VIP
14462,11,1980.57,180.05181818181816,1980.5699999999997,VIP
13725,8,1980.56,247.57,1980.56,VIP
17422,6,1979.37,329.895,1979.37,VIP
18204,3,1975.3500000000001,658.45,1975.3500000000001,VIP
17090,7,1974.65,282.09285714285716,1974.65,VIP
15531,2,1972.39,986.195,1972.39,VIP
16341,4,1971.8700000000001,492.96750000000003,1971.8700000000001,VIP
12674,4,1970.6,492.65,1970.6,VIP
17790,14,1964.3,140.30714285714285,1964.3,VIP
17997,8,1962.46,245.3075,1962.46,VIP
13246,6,1961.52,326.92,1961.52,VIP
14506,5,1960.65,392.13,1960.65,VIP
14498,5,1957.32,391.464,1957.32,VIP
12853,6,1957.1000000000001,326.18333333333334,1957.1,VIP
15493,5,1953.41,390.682,1953.41,VIP
17554,5,1952.45,390.49,1952.45,VIP
17218,10,1951.97,195.197,1951.97,VIP
14533,7,1949.72,278.5314285714286,1949.7200000000003,VIP
15814,4,1945.3300000000002,486.33250000000004,1945.3300000000002,VIP
14418,3,1937.25,645.75,1937.25,VIP
15864,6,1936.32,322.71999999999997,1936.3199999999997,VIP
15157,3,1936.07,645.3566666666667,1936.0700000000002,VIP
15351,7,1934.66,276.38,1934.6599999999999,VIP
12528,6,1933.48,322.24666666666667,1933.48,VIP
14655,4,1932.23,483.0575,1932.23,VIP
13094,12,1927.3200000000002,160.61,1927.3200000000002,VIP
14653,7,1926.65,275.2357142857143,1926.6500000000003,VIP
15518,8,1921.55,240.19375,1921.55,VIP
14978,5,1921.3700000000001,384.274,1921.37,VIP
14285,4,1910.01,477.5025,1910.01,VIP
17228,8,1906.09,238.26125,1906.09,VIP
16983,7,1905.87,272.26714285714286,1905.87,VIP
14210,6,1905.8400000000001,317.64000000000004,1905.8400000000001,VIP
15819,4,1905.45,476.3625,1905.45,VIP
16942,9,1904.99,211.66555555555556,1904.99,VIP
14250,3,1904.05,634.6833333333333,1904.0499999999997,VIP
12762,2,1898.52,949.26,1898.52,VIP
14730,8,1897.57,237.19625,1897.57,VIP
14934,2,1890.94,945.47,1890.94,VIP
12371,2,1887.96,943.98,1887.96,VIP
15641,4,1887.2,471.8,1887.2,VIP
16170,6,1885.05,314.175,1885.0500000000002,VIP
13890,10,1883.81,188.381,1883.81,VIP
16128,5,1880.22,376.044,1880.2199999999998,VIP
17738,4,1879.05,469.7625,1879.05,VIP
17368,8,1878.87,234.85875,1878.87,VIP
15367,4,1877.5900000000001,469.39750000000004,1877.5900000000001,VIP
17463,5,1875.8600000000001,375.172,1875.8600000000001,VIP
16986,2,1873.2,936.6,1873.2,VIP
13982,4,1871.81,467.9525,1871.81,VIP
15021,9,1871.77,207.97444444444443,1871.77,VIP
17469,5,1870.97,374.194,1870.97,VIP
16841,6,1869.82,311.63666666666666,1869.82,VIP
17870,12,1865.8899999999999,155.4908333333333,1865.8899999999999,VIP
16426,10,1863.76,186.376,1863.76,VIP
16201,4,1863.47,465.8675,1863.47,VIP
14887,1,1862.0,1862.0,1862.0,VIP
12423,8,1859.31,232.41375,1859.31,VIP
14305,3,1858.96,619.6533333333333,1858.96,VIP
12963,8,1856.63,232.07875,1856.63,VIP
17293,9,1854.06,206.00666666666666,1854.06,VIP
14472,8,1852.67,231.58375,1852.67,VIP
16979,6,1852.0,308.6666666666667,1852.0,VIP
12383,5,1850.56,370.11199999999997,1850.56,VIP
17873,5,1848.96,369.79200000000003,1848.96,VIP
12381,5,1845.31,369.062,1845.31,VIP
17519,6,1844.02,307.33666666666664,1844.02,VIP
14524,9,1843.83,204.87,1843.83,VIP
18180,6,1843.75,307.2916666666667,1843.75,VIP
12950,3,1843.0,614.3333333333334,1843.0,VIP
16102,3,1842.14,614.0466666666667,1842.1400000000003,VIP
16455,7,1841.18,263.0257142857143,1841.18,VIP
14113,4,1840.42,460.105,1840.42,VIP
14216,4,1839.3,459.825,1839.3,VIP
13924,6,1838.8500000000001,306.475,1838.8500000000001,VIP
17015,3,1838.61,612.87,1838.6100000000001,VIP
14459,1,1837.92,1837.92,1837.92,VIP
18287,3,1837.28,612.4266666666666,1837.2799999999997,VIP
13650,6,1836.3400000000001,306.0566666666667,1836.3400000000001,VIP
15827,14,1836.09,131.1492857142857,1836.0899999999997,VIP
14665,5,1835.7,367.14,1835.6999999999998,VIP
13421,2,1833.71,916.855,1833.71,VIP
16152,1,1829.04,1829.04,1829.04,VIP
15203,6,1827.8,304.6333333333333,1827.8,VIP
17702,4,1824.37,456.0925,1824.37,VIP
16153,5,1824.23,364.846,1824.23,VIP
17705,9,1823.52,202.61333333333334,1823.52,VIP
16169,4,1822.97,455.7425,1822.97,VIP
17828,4,1820.09,455.0225,1820.09,VIP
13048,4,1819.41,454.8525,1819.41,VIP
17787,4,1817.54,454.385,1817.54,VIP
17629,8,1814.1200000000001,226.76500000000001,1814.1200000000001,VIP
15260,7,1810.77,258.68142857142857,1810.77,VIP
16474,7,1810.65,258.6642857142857,1810.65,VIP
13481,5,1804.56,360.912,1804.56,VIP
17663,7,1802.91,257.55857142857144,1802.91,VIP
15812,5,1801.14,360.228,1801.14,VIP
16249,5,1800.07,360.014,1800.0700000000002,VIP
13562,3,1799.3300000000002,599.7766666666668,1799.3300000000004,VIP
13196,4,1797.78,449.445,1797.78,VIP
17648,4,1797.5,449.375,1797.5,VIP
12348,4,1797.24,449.31,1797.24,VIP
18235,3,1796.48,598.8266666666667,1796.48,VIP
13134,4,1793.58,448.395,1793.58,VIP
18179,6,1793.17,298.8616666666667,1793.17,VIP
18122,6,1793.06,298.8433333333333,1793.06,VIP
13510,4,1791.56,447.89,1791.56,VIP
12523,11,1789.77,162.70636363636365,1789.7700000000002,VIP
14215,6,1789.72,298.2866666666667,1789.7200000000003,VIP
14621,5,1788.3600000000001,357.672,1788.3600000000001,VIP
13875,5,1786.79,357.358,1786.79,VIP
14608,4,1785.15,446.2875,1785.15,VIP
14935,1,1784.71,1784.71,1784.71,VIP
15220,6,1778.96,296.49333333333334,1778.96,VIP
12645,4,1775.18,443.795,1775.18,VIP
17092,4,1774.03,443.5075,1774.03,VIP
15594,5,1771.78,354.356,1771.78,VIP
15473,7,1771.2,253.02857142857144,1771.2,VIP
16681,6,1770.3400000000001,295.0566666666667,1770.3400000000001,VIP
16719,7,1770.22,252.88857142857142,1770.22,VIP
13456,6,1766.72,294.4533333333333,1766.7199999999998,VIP
16751,1,1764.72,1764.72,1764.72,VIP
12424,2,1760.96,880.48,1760.96,VIP
12823,5,1759.5,351.9,1759.5,VIP
12349,1,1757.55,1757.55,1757.55,VIP
15241,8,1756.44,219.555,1756.44,VIP
16359,9,1750.92,194.54666666666668,1750.92,VIP
13808,5,1747.66,349.53200000000004,1747.6600000000003,VIP
15067,3,1744.76,581.5866666666667,1744.7600000000002,VIP
15950,4,1744.71,436.1775,1744.71,VIP
16380,1,1743.1499999999999,1743.1499999999999,1743.1499999999999,VIP
13157,4,1741.22,435.305,1741.22,VIP
14595,6,1740.6000000000001,290.1,1740.6000000000001,VIP
17930,5,1740.48,348.096,1740.48,VIP
17353,2,1740.0,870.0,1740.0,VIP
17457,5,1737.7,347.54,1737.7,VIP
15050,3,1737.69,579.23,1737.69,VIP
14673,5,1736.4,347.28000000000003,1736.4,VIP
17043,4,1735.18,433.795,1735.18,VIP
14387,3,1727.6,575.8666666666667,1727.6,VIP
13564,3,1724.67,574.89,1724.67,VIP
17451,7,1721.4,245.91428571428574,1721.4,VIP
14834,6,1720.3,286.71666666666664,1720.2999999999997,VIP
15267,5,1717.36,343.472,1717.36,VIP
17162,10,1715.46,171.546,1715.46,VIP
13763,1,1714.96,1714.96,1714.96,VIP
17147,4,1714.59,428.6475,1714.59,VIP
14441,4,1712.89,428.2225,1712.89,VIP
17750,9,1710.45,190.05,1710.45,VIP
12405,1,1710.39,1710.39,1710.39,VIP
15947,1,1708.24,1708.24,1708.24,VIP
12407,5,1708.12,341.62399999999997,1708.12,VIP
16902,1,1706.88,1706.88,1706.88,VIP
15240,5,1706.57,341.31399999999996,1706.5699999999997,VIP
16398,2,1705.8,852.9,1705.8,VIP
16791,7,1705.78,243.68285714285713,1705.78,VIP
12843,8,1702.26,212.7825,1702.26,VIP
17193,7,1699.3,242.75714285714284,1699.3,VIP
13824,5,1698.94,339.788,1698.94,VIP
17813,5,1698.07,339.614,1698.07,VIP
12764,1,1693.88,1693.88,1693.88,VIP
16007,4,1693.81,423.4525,1693.81,VIP
14245,2,1693.45,846.725,1693.45,VIP
16671,3,1692.27,564.09,1692.27,VIP
16775,11,1691.51,153.77363636363637,1691.51,VIP
15380,5,1690.26,338.052,1690.2600000000002,VIP
17152,3,1689.5,563.1666666666666,1689.5,VIP
12635,2,1689.18,844.59,1689.18,VIP
13162,4,1688.29,422.0725,1688.29,VIP
13577,4,1687.6000000000001,421.90000000000003,1687.6000000000001,VIP
17282,3,1685.46,561.82,1685.46,VIP
15549,3,1681.46,560.4866666666667,1681.46,VIP
16638,10,1680.72,168.072,1680.72,VIP
13149,4,1676.06,419.015,1676.06,VIP
17656,5,1674.69,334.938,1674.69,VIP
13184,10,1668.95,166.895,1668.95,VIP
17754,5,1664.6499999999999,332.92999999999995,1664.6499999999996,VIP
12912,5,1662.3,332.46,1662.3,VIP
12530,4,1662.28,415.57,1662.28,VIP
15214,8,1661.44,207.68,1661.44,VIP
15332,4,1661.06,415.265,1661.06,VIP
12967,2,1660.9,830.45,1660.9,VIP
16115,8,1660.8799999999999,207.60999999999999,1660.8799999999999,VIP
14045,4,1659.75,414.9375,1659.75,High
15953,8,1657.28,207.16,1657.28,High
15826,3,1654.31,551.4366666666666,1654.31,High
16813,10,1652.18,165.21800000000002,1652.1800000000003,High
16711,5,1651.03,330.206,1651.0300000000002,High
14837,4,1649.5,412.375,1649.5,High
13647,4,1648.1200000000001,412.03000000000003,1648.1200000000001,High
17284,6,1647.48,274.58,1647.48,High
13750,5,1647.26,329.452,1647.26,High
13012,8,1646.8400000000001,205.85500000000002,1646.8400000000001,High
12657,4,1643.18,410.795,1643.18,High
15002,4,1641.76,410.44,1641.76,High
14573,9,1639.82,182.20222222222222,1639.82,High
13627,5,1638.47,327.694,1638.47,High
15024,10,1636.43,163.643,1636.43,High
12398,1,1635.6599999999999,1635.6599999999999,1635.6599999999999,High
15122,3,1633.78,544.5933333333334,1633.7800000000002,High
14164,2,1631.77,815.885,1631.77,High
12377,2,1628.1200000000001,814.0600000000001,1628.1200000000001,High
14759,3,1625.97,541.99,1625.97,High
13425,3,1624.21,541.4033333333333,1624.21,High
16515,5,1624.14,324.82800000000003,1624.14,High
15172,5,1624.05,324.81,1624.05,High
14937,3,1621.88,540.6266666666667,1621.88,High
17101,4,1621.73,405.4325,1621.73,High
18161,5,1618.69,323.738,1618.69,High
16987,7,1616.8,230.97142857142856,1616.8,High
14336,4,1614.91,403.7275,1614.91,High
16992,5,1614.31,322.86199999999997,1614.31,High
15791,2,1612.69,806.345,1612.69,High
14312,6,1611.5900000000001,268.59833333333336,1611.5900000000001,High
14918,2,1610.15,805.075,1610.15,High
12868,6,1607.0600000000002,267.84333333333336,1607.0600000000002,High
16817,9,1604.75,178.30555555555554,1604.75,High
12947,6,1603.99,267.33166666666665,1603.9899999999998,High
15660,9,1600.86,177.87333333333333,1600.8600000000001,High
14178,7,1600.26,228.60857142857142,1600.26,High
16496,3,1599.52,533.1733333333333,1599.52,High
16466,7,1595.96,227.99428571428572,1595.96,High
13850,1,1595.48,1595.48,1595.48,High
17673,6,1594.97,265.8283333333333,1594.9699999999998,High
16801,4,1594.23,398.5575,1594.23,High
16676,4,1592.12,398.03,1592.12,High
14970,4,1592.06,398.015,1592.06,High
15611,13,1591.45,122.41923076923078,1591.45,High
18178,4,1590.81,397.7025,1590.81,High
14442,2,1589.82,794.91,1589.82,High
13614,4,1585.46,396.365,1585.46,High
16332,7,1582.8,226.1142857142857,1582.8,High
12393,4,1582.6000000000001,395.65000000000003,1582.6000000000001,High
14719,5,1581.84,316.368,1581.84,High
14587,9,1580.29,175.58777777777777,1580.29,High
12607,1,1579.51,1579.51,1579.51,High
13814,2,1579.12,789.56,1579.12,High
16889,3,1578.67,526.2233333333334,1578.67,High
13186,3,1575.89,525.2966666666667,1575.8900000000003,High
17671,4,1572.71,393.1775,1572.71,High
16283,5,1570.81,314.162,1570.81,High
12865,2,1568.23,784.115,1568.23,High
15906,7,1567.69,223.9557142857143,1567.69,High
15111,3,1567.48,522.4933333333333,1567.48,High
15532,4,1564.73,391.1825,1564.73,High
17204,4,1564.56,391.14,1564.56,High
13659,2,1563.0,781.5,1563.0,High
17085,5,1562.4,312.48,1562.4,High
18239,5,1561.6100000000001,312.322,1561.6100000000001,High
14038,3,1560.38,520.1266666666667,1560.38,High
16394,5,1555.34,311.068,1555.34,High
13313,5,1555.3200000000002,311.064,1555.3200000000002,High
15620,3,1553.18,517.7266666666667,1553.18,High
15117,5,1551.78,310.356,1551.78,High
13634,5,1547.3600000000001,309.47200000000004,1547.3600000000001,High
14229,3,1547.2,515.7333333333333,1547.2,High
16790,6,1545.6200000000001,257.60333333333335,1545.6200000000001,High
16369,3,1545.41,515.1366666666667,1545.4099999999999,High
13397,5,1544.13,308.826,1544.13,High
12818,1,1542.08,1542.08,1542.08,High
17837,8,1541.23,192.65375,1541.23,High
16365,9,1540.42,171.1577777777778,1540.42,High
17159,3,1538.88,512.96,1538.88,High
13849,2,1537.95,768.975,1537.95,High
12877,12,1535.77,127.98083333333334,1535.77,High
15392,4,1535.53,383.8825,1535.53,High
15625,4,1534.26,383.565,1534.26,High
13320,4,1532.2,383.05,1532.2,High
13107,4,1531.6200000000001,382.90500000000003,1531.6200000000001,High
12759,3,1531.44,510.48,1531.44,High
14321,5,1530.75,306.15,1530.75,High
14567,2,1530.3600000000001,765.1800000000001,1530.3600000000001,High
15701,4,1529.0,382.25,1529.0,High
16244,2,1522.75,761.375,1522.75,High
16066,5,1521.04,304.20799999999997,1521.04,High
13213,5,1520.58,304.116,1520.58,High
13764,3,1519.42,506.47333333333336,1519.42,High
14267,3,1516.24,505.41333333333336,1516.24,High
13791,2,1516.0,758.0,1516.0,High
16748,5,1515.9,303.18,1515.9,High
16053,2,1511.95,755.975,1511.95,High
16434,7,1511.8,215.97142857142856,1511.8,High
16910,8,1508.96,188.62,1508.96,High
15265,2,1506.1200000000001,753.0600000000001,1506.1200000000001,High
12937,4,1504.27,376.0675,1504.27,High
15916,8,1502.8600000000001,187.85750000000002,1502.8600000000001,High
16279,3,1502.78,500.9266666666667,1502.78,High
13810,3,1499.01,499.67,1499.01,High
15530,4,1497.31,374.3275,1497.31,High
14414,7,1496.98,213.8542857142857,1496.98,High
14704,9,1493.96,165.99555555555557,1493.96,High
17002,3,1493.73,497.91,1493.73,High
16880,7,1491.43,213.0614285714286,1491.43,High
15057,2,1489.5,744.75,1489.5,High
13110,7,1488.67,212.66714285714286,1488.67,High
13692,3,1488.32,496.1066666666666,1488.32,High
17553,1,1487.6,1487.6,1487.6,High
14758,4,1484.06,371.015,1484.06,High
16395,5,1482.06,296.412,1482.06,High
18016,5,1477.66,295.53200000000004,1477.6600000000003,High
14878,9,1476.09,164.01,1476.09,High
14403,4,1475.81,368.9525,1475.81,High
16755,3,1475.43,491.81,1475.43,High
12826,7,1474.72,210.67428571428573,1474.72,High
14246,3,1474.06,491.3533333333333,1474.06,High
14963,5,1472.34,294.46799999999996,1472.3399999999997,High
15128,4,1471.0,367.75,1471.0,High
17590,3,1468.02,489.34,1468.02,High
16016,8,1465.51,183.18875,1465.51,High
14875,2,1465.32,732.66,1465.32,High
15983,4,1465.12,366.28,1465.12,High
12882,2,1463.04,731.52,1463.04,High
14233,4,1462.72,365.68,1462.72,High
17063,7,1461.14,208.73428571428573,1461.14,High
16996,6,1456.96,242.82666666666668,1456.96,High
13309,5,1456.79,291.358,1456.79,High
13477,6,1454.58,242.42999999999998,1454.58,High
14541,8,1453.35,181.66875,1453.35,High
16059,6,1453.16,242.19333333333336,1453.16,High
14404,6,1449.32,241.5533333333333,1449.32,High
14740,3,1448.21,482.7366666666667,1448.21,High
17073,4,1446.09,361.5225,1446.09,High
13717,6,1445.01,240.835,1445.01,High
13461,3,1445.0,481.6666666666667,1445.0,High
17175,4,1443.69,360.9225,1443.69,High
14071,8,1437.57,179.69625,1437.57,High
15987,7,1432.77,204.68142857142857,1432.77,High
14566,1,1432.0,1432.0,1432.0,High
16503,4,1431.93,357.9825,1431.93,High
13475,4,1431.78,357.945,1431.78,High
15427,3,1430.54,476.84666666666664,1430.54,High
16103,6,1429.64,238.27333333333334,1429.64,High
13159,4,1429.35,357.3375,1429.35,High
14035,5,1428.02,285.604,1428.02,High
15858,5,1427.57,285.514,1427.5700000000002,High
15681,5,1426.16,285.232,1426.16,High
17571,4,1425.67,356.4175,1425.67,High
15106,5,1422.52,284.504,1422.52,High
16463,4,1422.4,355.6,1422.4,High
16571,3,1421.69,473.8966666666667,1421.69,High
14019,3,1421.6100000000001,473.87000000000006,1421.6100000000001,High
14901,9,1421.29,157.92111111111112,1421.29,High
14443,4,1420.2,355.05,1420.2,High
16173,6,1418.32,236.38666666666666,1418.32,High
17856,4,1418.03,354.5075,1418.03,High
17288,7,1417.6299999999999,202.51857142857142,1417.6299999999999,High
14748,5,1415.75,283.15,1415.75,High
16348,7,1415.65,202.2357142857143,1415.65,High
16012,3,1415.29,471.7633333333333,1415.29,High
16245,3,1413.66,471.22,1413.66,High
15237,4,1412.32,353.08,1412.32,High
15444,2,1411.21,705.605,1411.21,High
15596,5,1406.59,281.318,1406.59,High
17083,3,1405.78,468.5933333333333,1405.78,High
16271,5,1404.64,280.928,1404.6399999999999,High
15426,5,1404.07,280.81399999999996,1404.0699999999997,High
18116,8,1403.1100000000001,175.38875000000002,1403.1100000000001,High
14649,4,1402.59,350.6475,1402.59,High
15563,4,1400.44,350.11,1400.44,High
14741,6,1400.3400000000001,233.39000000000001,1400.3400000000001,High
15478,2,1399.92,699.96,1399.92,High
18202,3,1396.99,465.66333333333336,1396.99,High
13995,5,1393.69,278.738,1393.69,High
17354,1,1393.06,1393.06,1393.06,High
15810,4,1391.98,347.995,1391.98,High
13414,3,1390.5,463.5,1390.5,High
13516,3,1389.41,463.1366666666667,1389.41,High
16539,4,1388.81,347.2025,1388.81,High
15134,8,1387.99,173.49875,1387.99,High
12952,4,1387.79,346.9475,1387.79,High
12775,5,1386.04,277.20799999999997,1386.04,High
13308,3,1385.51,461.83666666666664,1385.51,High
18167,3,1384.8600000000001,461.62000000000006,1384.8600000000001,High
17311,2,1384.85,692.425,1384.85,High
13572,1,1384.25,1384.25,1384.25,High
15898,5,1383.83,276.76599999999996,1383.83,High
15051,3,1383.36,461.11999999999995,1383.36,High
14116,5,1382.74,276.548,1382.74,High
16389,4,1382.0700000000002,345.51750000000004,1382.0700000000002,High
17621,3,1379.9,459.9666666666667,1379.9,High
12886,2,1378.4,689.2,1378.4,High
15569,5,1375.71,275.142,1375.71,High
14434,6,1372.8,228.79999999999998,1372.8,High
15453,7,1371.77,195.96714285714285,1371.77,High
17676,6,1371.18,228.53,1371.18,High
15095,4,1370.6000000000001,342.65000000000003,1370.6000000000001,High
14507,6,1367.88,227.98000000000002,1367.88,High
13813,4,1366.8600000000001,341.71500000000003,1366.8600000000001,High
14897,4,1366.38,341.595,1366.38,High
13396,2,1360.99,680.495,1360.99,High
16726,5,1358.74,271.748,1358.74,High
17054,5,1356.33,271.26599999999996,1356.33,High
14859,4,1353.74,338.435,1353.74,High
15116,4,1352.75,338.1875,1352.75,High
16079,3,1352.0,450.6666666666667,1352.0,High
16493,4,1351.63,337.9075,1351.63,High
12770,1,1351.45,1351.45,1351.45,High
15411,4,1348.93,337.2325,1348.93,High
16669,3,1348.88,449.6266666666667,1348.88,High
12646,2,1346.97,673.485,1346.97,High
14154,2,1345.62,672.81,1345.62,High
15398,2,1345.53,672.765,1345.53,High
12463,4,1344.78,336.195,1344.78,High
16317,3,1341.65,447.2166666666667,1341.65,High
13743,7,1341.6,191.65714285714284,1341.6,High
18177,6,1340.8700000000001,223.47833333333335,1340.8700000000001,High
16045,4,1340.7,335.175,1340.7,High
13501,1,1340.32,1340.32,1340.32,High
15734,2,1339.45,669.725,1339.45,High
12620,3,1339.41,446.47,1339.41,High
15059,9,1337.72,148.63555555555556,1337.72,High
17372,8,1337.18,167.1475,1337.18,High
12919,6,1335.19,222.53166666666667,1335.19,High
14064,5,1334.34,266.868,1334.34,High
15680,3,1333.68,444.56,1333.68,High
17932,3,1331.57,443.8566666666666,1331.57,High
12676,6,1331.39,221.89833333333334,1331.39,High
16295,4,1328.55,332.1375,1328.55,High
13232,7,1328.35,189.7642857142857,1328.35,High
15146,2,1327.16,663.58,1327.16,High
17633,4,1324.84,331.21,1324.84,High
17095,3,1324.16,441.3866666666667,1324.16,High
16110,3,1320.95,440.31666666666666,1320.95,High
14591,4,1320.21,330.0525,1320.21,High
14794,7,1319.91,188.55857142857144,1319.91,High
16083,2,1317.62,658.81,1317.62,High
12526,3,1316.66,438.8866666666667,1316.66,High
12854,3,1316.25,438.75,1316.25,High
14921,2,1316.07,658.035,1316.07,High
12576,5,1315.83,263.166,1315.83,High
14511,5,1314.81,262.962,1314.81,High
14738,7,1314.45,187.77857142857144,1314.45,High
14973,3,1314.45,438.15000000000003,1314.45,High
16040,3,1313.55,437.84999999999997,1313.55,High
12364,4,1313.1,328.275,1313.1,High
17004,2,1312.1399999999999,656.0699999999999,1312.1399999999999,High
12516,2,1312.06,656.03,1312.06,High
14477,4,1309.6,327.4,1309.6,High
16120,4,1309.14,327.285,1309.14,High
14047,5,1308.6100000000001,261.72200000000004,1308.6100000000001,High
13328,1,1308.48,1308.48,1308.48,High
14297,4,1305.33,326.3325,1305.33,High
12507,3,1304.81,434.93666666666667,1304.81,High
17919,1,1304.04,1304.04,1304.04,High
15813,2,1303.9099999999999,651.9549999999999,1303.9099999999999,High
16370,4,1301.91,325.4775,1301.91,High
15108,4,1300.25,325.0625,1300.25,High
13168,4,1299.59,324.8975,1299.59,High
16464,3,1298.66,432.8866666666667,1298.66,High
12488,3,1298.66,432.8866666666667,1298.66,High
12372,3,1298.04,432.68,1298.04,High
15602,9,1297.8700000000001,144.20777777777778,1297.87,High
17961,39,1296.44,33.242051282051285,1296.44,High
16929,7,1295.39,185.0557142857143,1295.39,High
16224,4,1295.3,323.825,1295.3,High
15621,4,1293.03,323.2575,1293.03,High
16744,7,1291.91,184.55857142857144,1291.91,High
16101,1,1290.7,1290.7,1290.7,High
14856,3,1290.53,430.1766666666667,1290.53,High
15171,1,1289.5,1289.5,1289.5,High
15136,4,1286.7,321.675,1286.7,High
16949,6,1286.27,214.37833333333333,1286.27,High
17802,3,1285.04,428.34666666666664,1285.04,High
17350,4,1281.32,320.33,1281.32,High
13538,7,1280.85,182.97857142857143,1280.85,High
15494,2,1280.58,640.29,1280.58,High
16951,3,1277.75,425.9166666666667,1277.75,High
16692,2,1276.0,638.0,1276.0,High
12394,2,1272.48,636.24,1272.48,High
13878,1,1271.57,1271.57,1271.57,High
16899,6,1271.06,211.84333333333333,1271.06,High
12630,2,1270.88,635.44,1270.88,High
13492,3,1269.84,423.28,1269.84,High
14898,6,1269.31,211.55166666666665,1269.31,High
13431,2,1269.1,634.55,1269.1,High
14916,4,1268.98,317.245,1268.98,High
15199,4,1268.7,317.175,1268.7,High
16660,4,1267.65,316.9125,1267.65,High
17037,1,1267.32,1267.32,1267.32,High
17158,3,1266.97,422.3233333333333,1266.97,High
14105,1,1266.23,1266.23,1266.23,High
13989,2,1266.08,633.04,1266.08,High
16842,3,1264.19,421.3966666666667,1264.19,High
15497,2,1262.2,631.1,1262.2,High
16688,4,1260.8600000000001,315.21500000000003,1260.8600000000001,High
17388,4,1259.56,314.89,1259.56,High
15009,3,1259.43,419.81,1259.43,High
14669,3,1259.24,419.74666666666667,1259.24,High
17019,4,1258.08,314.52,1258.08,High
17412,7,1258.06,179.72285714285712,1258.06,High
13151,1,1257.8700000000001,1257.8700000000001,1257.8700000000001,High
14931,5,1257.68,251.536,1257.68,High
16639,3,1257.51,419.17,1257.51,High
17481,4,1255.59,313.8975,1255.59,High
13848,3,1255.0,418.3333333333333,1255.0,High
17262,5,1253.3600000000001,250.67200000000003,1253.3600000000001,High
14383,3,1247.69,415.8966666666667,1247.69,High
12689,2,1247.6100000000001,623.8050000000001,1247.6100000000001,High
13029,3,1247.5,415.8333333333333,1247.5,High
12494,7,1246.1,178.0142857142857,1246.1,High
13860,5,1245.9,249.18,1245.9,High
16531,7,1244.59,177.79857142857142,1244.59,High
17584,2,1242.3,621.15,1242.3,High
17588,3,1240.2,413.40000000000003,1240.2,High
17731,4,1240.11,310.0275,1240.11,High
12985,2,1239.38,619.69,1239.38,High
13476,2,1238.47,619.235,1238.47,High
14893,2,1237.8500000000001,618.9250000000001,1237.8500000000001,High
13931,2,1237.53,618.765,1237.53,High
15201,5,1236.54,247.308,1236.54,High
18080,2,1231.5,615.75,1231.5,High
18171,5,1231.31,246.262,1231.31,High
15910,8,1228.88,153.61,1228.88,High
14913,4,1227.43,306.8575,1227.43,High
12997,4,1226.89,306.7225,1226.89,High
12412,3,1226.88,408.96000000000004,1226.88,High
14428,5,1224.06,244.81199999999998,1224.06,High
15841,4,1224.06,306.015,1224.06,High
15376,3,1221.56,407.18666666666667,1221.56,High
15004,1,1220.77,1220.77,1220.77,High
14745,5,1220.26,244.052,1220.26,High
15227,5,1219.4,243.88000000000002,1219.4,High
13208,6,1217.65,202.9416666666667,1217.65,High
14698,5,1217.27,243.454,1217.27,High
13491,10,1215.82,121.582,1215.82,High
17410,5,1214.72,242.94400000000002,1214.72,High
13055,3,1214.41,404.80333333333334,1214.41,High
17774,4,1213.73,303.4325,1213.73,High
18263,3,1213.16,404.3866666666667,1213.16,High
13918,2,1212.8400000000001,606.4200000000001,1212.8400000000001,High
16653,2,1212.66,606.33,1212.66,High
12464,8,1212.05,151.50625,1212.05,High
17653,4,1207.56,301.89,1207.56,High
16762,3,1207.24,402.41333333333336,1207.24,High
14684,5,1201.51,240.302,1201.51,High
13158,4,1201.06,300.265,1201.06,High
17320,3,1200.6200000000001,400.2066666666667,1200.6200000000001,High
15605,5,1198.23,239.64600000000002,1198.23,High
13118,5,1197.81,239.56199999999998,1197.81,High
16794,10,1196.5,119.65,1196.5,High
17720,4,1195.94,298.985,1195.94,High
17526,4,1195.8999999999999,298.97499999999997,1195.8999999999999,High
15145,4,1194.73,298.6825,1194.73,High
12611,1,1193.32,1193.32,1193.32,High
13882,5,1191.13,238.22600000000003,1191.13,High
12462,2,1189.59,594.795,1189.59,High
15737,8,1188.1200000000001,148.51500000000001,1188.1200000000001,High
16612,4,1187.66,296.915,1187.66,High
17800,9,1187.21,131.91222222222223,1187.21,High
15630,2,1186.35,593.175,1186.35,High
17058,3,1179.89,393.2966666666667,1179.89,High
16950,3,1178.56,392.8533333333333,1178.56,High
16042,5,1177.47,235.494,1177.47,High
13752,6,1175.38,195.89666666666668,1175.38,High
12885,3,1175.22,391.74,1175.22,High
12640,3,1174.58,391.52666666666664,1174.58,High
15306,3,1174.3500000000001,391.45000000000005,1174.3500000000001,High
14857,2,1173.1200000000001,586.5600000000001,1173.1200000000001,High
12358,2,1168.06,584.03,1168.06,High
13500,3,1166.77,388.92333333333335,1166.77,High
14487,6,1165.48,194.24666666666667,1165.48,High
14737,3,1164.55,388.18333333333334,1164.55,High
14261,2,1163.45,581.725,1163.45,High
14447,5,1163.23,232.64600000000002,1163.23,High
16800,1,1162.65,1162.65,1162.65,High
12546,2,1161.5,580.75,1161.5,High
15088,2,1160.07,580.035,1160.07,High
18168,6,1160.04,193.34,1160.04,High
13499,5,1159.1100000000001,231.82200000000003,1159.1100000000001,High
16184,6,1158.79,193.13166666666666,1158.79,High
17867,6,1157.8700000000001,192.97833333333335,1157.8700000000001,High
17348,5,1156.6,231.32,1156.6,High
16637,4,1154.47,288.6175,1154.47,High
13611,3,1154.4,384.8,1154.4,High
16062,4,1153.62,288.405,1153.62,High
12710,3,1149.02,383.00666666666666,1149.02,High
17505,2,1145.8400000000001,572.9200000000001,1145.8400000000001,High
16766,2,1145.6,572.8,1145.6,High
12769,1,1143.6,1143.6,1143.6,High
17770,5,1143.27,228.654,1143.27,High
15985,2,1142.42,571.21,1142.42,High
16270,1,1141.24,1141.24,1141.24,High
13330,3,1140.93,380.31,1140.93,High
13819,3,1140.35,380.1166666666666,1140.35,High
16172,5,1140.21,228.042,1140.21,High
17135,7,1139.73,162.81857142857143,1139.73,High
17500,3,1138.0,379.3333333333333,1138.0,High
17302,5,1135.63,227.12600000000003,1135.63,High
17242,2,1135.04,567.52,1135.04,High
15489,3,1134.28,378.0933333333333,1134.28,High
16989,6,1133.25,188.875,1133.25,High
13282,3,1132.14,377.38000000000005,1132.14,High
13310,3,1132.03,377.3433333333333,1132.03,High
18125,4,1131.75,282.9375,1131.75,High
15500,4,1131.56,282.89,1131.56,High
13447,3,1129.14,376.38000000000005,1129.14,High
16714,3,1129.06,376.3533333333333,1129.06,High
14824,4,1127.71,281.9275,1127.71,High
12609,3,1126.85,375.6166666666666,1126.85,High
14708,3,1126.3700000000001,375.4566666666667,1126.3700000000001,High
17470,5,1125.07,225.01399999999998,1125.07,High
14129,5,1123.8600000000001,224.77200000000002,1123.8600000000001,High
13772,3,1122.63,374.21000000000004,1122.63,High
13486,3,1122.41,374.1366666666667,1122.41,High
17562,7,1122.38,160.34,1122.38,High
14723,6,1122.36,187.05999999999997,1122.36,High
16807,3,1121.59,373.8633333333333,1121.59,High
16086,5,1121.39,224.27800000000002,1121.39,High
15730,3,1120.88,373.6266666666667,1120.88,High
14276,3,1119.74,373.24666666666667,1119.74,High
12842,2,1118.99,559.495,1118.99,High
17894,8,1118.96,139.87,1118.96,High
17788,2,1117.9,558.95,1117.9,High
13591,3,1117.13,372.3766666666667,1117.13,High
17585,4,1116.68,279.17,1116.68,High
16350,4,1116.47,279.1175,1116.47,High
12679,4,1113.02,278.255,1113.02,High
14817,2,1110.34,555.17,1110.34,High
15069,1,1109.53,1109.53,1109.53,High
12399,4,1108.65,277.1625,1108.65,High
15933,3,1107.46,369.15333333333336,1107.46,High
16833,4,1106.53,276.6325,1106.53,High
12857,2,1106.4,553.2,1106.4,High
14102,5,1105.8799999999999,221.176,1105.8799999999999,High
17609,5,1105.78,221.156,1105.78,High
13064,4,1105.59,276.3975,1105.59,High
14948,6,1101.97,183.66166666666666,1101.97,High
15716,4,1101.11,275.2775,1101.11,High
17047,3,1100.9,366.9666666666667,1100.9,High
14410,9,1100.27,122.25222222222222,1100.27,High
14744,7,1099.98,157.14000000000001,1099.98,High
15978,1,1098.78,1098.78,1098.78,High
13104,6,1098.48,183.08,1098.48,High
17966,5,1098.43,219.686,1098.43,High
14971,3,1097.98,365.99333333333334,1097.98,High
14161,3,1097.6200000000001,365.8733333333334,1097.6200000000001,High
16225,5,1096.32,219.26399999999998,1096.32,High
13211,3,1095.42,365.14000000000004,1095.42,High
13652,3,1095.08,365.02666666666664,1095.08,High
15745,4,1094.5900000000001,273.64750000000004,1094.5900000000001,High
15608,4,1093.68,273.42,1093.68,High
18189,2,1090.24,545.12,1090.24,High
13853,1,1090.1399999999999,1090.1399999999999,1090.1399999999999,High
12534,1,1089.18,1089.18,1089.18,High
15763,2,1086.92,543.46,1086.92,High
16533,3,1082.81,360.93666666666667,1082.81,High
13610,7,1082.33,154.6185714285714,1082.33,High
14561,3,1080.76,360.25333333333333,1080.76,High
13744,2,1080.52,540.26,1080.52,High
13726,2,1079.66,539.83,1079.66,High
15197,3,1079.61,359.86999999999995,1079.61,High
12354,1,1079.4,1079.4,1079.4,High
14352,4,1078.96,269.74,1078.96,High
16094,4,1078.23,269.5575,1078.23,High
16563,1,1077.74,1077.74,1077.74,High
13715,5,1077.39,215.478,1077.39,High
16049,3,1074.81,358.27,1074.81,High
13131,3,1073.3,357.76666666666665,1073.3,High
15712,5,1072.3600000000001,214.47200000000004,1072.3600000000001,High
15238,3,1071.99,357.33,1071.99,High
13467,2,1071.91,535.955,1071.91,High
13521,3,1071.73,357.24333333333334,1071.73,High
17041,3,1071.49,357.16333333333336,1071.49,High
13635,1,1071.03,1071.03,1071.03,High
17522,5,1070.71,214.142,1070.71,High
13761,2,1070.65,535.325,1070.65,High
14212,1,1070.48,1070.48,1070.48,High
16200,2,1068.8700000000001,534.4350000000001,1068.8700000000001,High
16918,6,1068.82,178.13666666666666,1068.82,High
15436,3,1067.75,355.9166666666667,1067.75,High
15027,4,1066.15,266.5375,1066.15,High
17277,2,1065.3500000000001,532.6750000000001,1065.3500000000001,High
14488,1,1064.28,1064.28,1064.28,High
12951,6,1064.07,177.345,1064.07,High
15801,3,1063.95,354.65000000000003,1063.95,High
12936,4,1063.9,265.975,1063.9,High
12815,2,1063.46,531.73,1063.46,High
14411,1,1063.0,1063.0,1063.0,High
16214,3,1062.75,354.25,1062.75,High
15706,4,1060.56,265.14,1060.56,High
17727,1,1060.25,1060.25,1060.25,High
18130,3,1059.39,353.13000000000005,1059.39,High
17214,6,1059.1200000000001,176.52,1059.1200000000001,High
13455,2,1058.34,529.17,1058.34,High
15977,2,1054.73,527.365,1054.73,High
12716,2,1053.49,526.745,1053.49,High
14419,6,1051.79,175.29833333333332,1051.79,High
16416,3,1051.4,350.4666666666667,1051.4,High
15329,3,1049.7,349.90000000000003,1049.7,High
14078,6,1049.37,174.89499999999998,1049.37,High
17287,7,1049.06,149.8657142857143,1049.06,High
15839,3,1048.49,349.49666666666667,1048.49,High
16728,4,1048.28,262.07,1048.28,High
15777,4,1047.1100000000001,261.77750000000003,1047.1100000000001,High
15407,4,1046.74,261.685,1046.74,High
16520,3,1046.57,348.8566666666666,1046.57,High
14293,4,1046.56,261.64,1046.56,High
15464,1,1044.65,1044.65,1044.65,High
15192,3,1044.32,348.1066666666666,1044.32,High
14389,2,1043.46,521.73,1043.46,High
15073,3,1043.41,347.80333333333334,1043.41,High
12497,1,1043.1,1043.1,1043.1,High
13719,5,1041.68,208.336,1041.68,High
18221,5,1041.61,208.32199999999997,1041.61,High
15434,5,1041.48,208.296,1041.48,High
16320,2,1038.46,519.23,1038.46,High
14465,3,1038.44,346.1466666666667,1038.44,High
16175,4,1037.5900000000001,259.39750000000004,1037.5900000000001,High
17042,5,1036.58,207.31599999999997,1036.58,High
12691,6,1035.8,172.63333333333333,1035.8,High
16260,1,1035.45,1035.45,1035.45,High
13639,1,1033.34,1033.34,1033.34,High
14584,4,1033.06,258.265,1033.06,High
17724,3,1033.0,344.3333333333333,1033.0,High
12599,7,1032.58,147.51142857142855,1032.58,High
15996,6,1032.58,172.09666666666666,1032.58,High
12724,4,1031.41,257.8525,1031.41,High
17405,3,1031.41,343.80333333333334,1031.41,High
13235,1,1031.07,1031.07,1031.07,High
12717,2,1030.98,515.49,1030.98,High
13253,2,1030.4,515.2,1030.4,High
17033,3,1030.14,343.38000000000005,1030.14,High
15333,1,1028.56,1028.56,1028.56,High
16980,2,1028.46,514.23,1028.46,High
16682,5,1028.0,205.6,1028.0,High
16160,2,1025.44,512.72,1025.44,High
14904,2,1025.44,512.72,1025.44,High
15658,5,1024.1000000000001,204.82000000000002,1024.1000000000001,High
17096,4,1022.13,255.5325,1022.13,High
14346,2,1021.58,510.79,1021.58,High
13165,2,1021.48,510.74,1021.48,High
12572,2,1020.4200000000001,510.21000000000004,1020.4200000000001,High
13376,3,1019.76,339.92,1019.76,High
18142,2,1019.52,509.76,1019.52,High
13956,5,1019.27,203.85399999999998,1019.27,High
12828,6,1018.71,169.785,1018.71,High
12514,1,1017.6800000000001,1017.6800000000001,1017.6800000000001,High
13728,6,1016.14,169.35666666666665,1016.1399999999999,High
12642,3,1013.26,337.75333333333333,1013.26,High
12739,2,1013.04,506.52,1013.04,High
17197,1,1013.01,1013.01,1013.01,High
14195,2,1012.0,506.0,1012.0,High
14775,3,1011.9,337.3,1011.9000000000001,High
16229,2,1010.6,505.3,1010.6,High
14446,4,1010.35,252.5875,1010.35,High
12849,2,1010.29,505.145,1010.29,High
13032,2,1010.1800000000001,505.09000000000003,1010.1800000000001,High
14224,4,1009.73,252.4325,1009.73,High
16572,3,1009.6,336.53333333333336,1009.6000000000001,High
16174,3,1009.55,336.51666666666665,1009.55,High
17951,3,1008.5400000000001,336.18,1008.54,High
17646,3,1008.39,336.13,1008.39,High
14631,3,1006.98,335.66,1006.98,High
13429,4,1006.8,251.7,1006.8,High
13867,3,1005.09,335.03000000000003,1005.0900000000001,High
14214,5,1004.38,200.876,1004.38,High
13410,5,1003.06,200.612,1003.06,High
14083,9,1002.9,111.43333333333334,1002.9000000000001,High
12446,1,1002.3100000000001,1002.3100000000001,1002.3100000000001,High
12545,2,1000.39,500.195,1000.39,High
15508,6,1000.27,166.71166666666667,1000.27,High
18143,2,1000.16,500.08,1000.16,High
12722,4,997.63,249.4075,997.63,High
15110,4,996.1,249.025,996.1,High
15104,2,993.54,496.77,993.54,High
17594,2,993.1800000000001,496.59000000000003,993.1800000000001,High
13363,2,992.5,496.25,992.5,High
14223,3,991.13,330.37666666666667,991.13,High
16232,4,990.88,247.72,990.88,High
14514,3,990.2,330.06666666666666,990.2,High
17126,5,989.45,197.89000000000001,989.45,High
15062,4,987.86,246.965,987.86,High
18237,5,987.1,197.42000000000002,987.1000000000001,High
14583,5,986.96,197.392,986.96,High
17324,4,986.48,246.62,986.48,High
13117,8,984.91,123.11375,984.91,High
17144,2,984.57,492.285,984.57,High
12510,2,982.5699999999999,491.28499999999997,982.5699999999999,High
15133,3,982.42,327.4733333333333,982.4199999999998,High
15071,2,982.07,491.035,982.07,High
16188,4,981.86,245.465,981.86,High
16085,5,981.51,196.302,981.51,High
12541,3,981.18,327.06,981.1800000000001,High
18170,3,980.3100000000001,326.77000000000004,980.3100000000002,High
13509,7,979.72,139.96,979.72,High
13350,2,979.12,489.56,979.12,High
15132,5,977.9300000000001,195.586,977.9300000000001,High
14920,2,977.77,488.885,977.77,High
13026,5,975.36,195.072,975.36,High
16376,2,974.96,487.48,974.96,High
14522,4,974.54,243.635,974.54,High
15449,3,974.52,324.84,974.52,High
12994,3,974.42,324.8066666666667,974.4200000000001,High
18194,1,973.84,973.84,973.84,High
16009,4,972.11,243.0275,972.11,High
15506,3,972.08,324.0266666666667,972.0800000000002,High
13155,4,971.76,242.94,971.76,High
17100,2,971.74,485.87,971.74,High
14256,2,969.0600000000001,484.53000000000003,969.0600000000001,High
14138,2,965.88,482.94,965.88,High
15793,3,965.61,321.87,965.61,High
15860,8,965.16,120.645,965.16,High
12550,1,964.83,964.83,964.83,High
13138,6,962.39,160.39833333333334,962.3900000000001,High
14006,3,962.19,320.73,962.19,High
15156,3,961.49,320.49666666666667,961.49,High
16419,6,958.71,159.785,958.71,High
18192,1,957.97,957.97,957.97,High
13823,2,957.66,478.83,957.66,High
12697,3,957.59,319.19666666666666,957.5899999999999,High
14629,2,955.26,477.63,955.26,High
15948,2,955.24,477.62,955.24,High
17244,1,954.9,954.9,954.9,High
17097,8,954.42,119.3025,954.42,High
15835,4,954.09,238.5225,954.09,High
14540,3,952.66,317.55333333333334,952.6600000000001,High
15421,4,950.36,237.59,950.36,High
13636,5,949.12,189.824,949.1200000000001,High
12822,2,948.88,474.44,948.88,High
17044,1,948.48,948.48,948.48,High
13748,5,948.25,189.65,948.25,High
12458,2,947.4,473.7,947.4,High
15747,3,946.64,315.5466666666667,946.6400000000001,High
13261,2,944.1,472.05,944.1,High
12820,4,942.34,235.585,942.34,High
14075,3,942.26,314.08666666666664,942.26,High
15289,3,939.78,313.26,939.78,High
17527,4,939.37,234.8425,939.37,High
17227,6,939.32,156.55333333333334,939.32,High
16584,2,936.08,468.04,936.08,High
14140,2,935.05,467.525,935.05,High
16027,6,934.62,155.77,934.6200000000001,High
12924,4,933.7,233.425,933.7,High
15787,3,933.26,311.08666666666664,933.26,High
13655,2,932.97,466.485,932.97,High
14532,4,932.85,233.2125,932.85,High
18133,1,931.5,931.5,931.5,High
16934,2,931.03,465.515,931.03,High
17289,3,931.02,310.34,931.02,High
17552,4,930.41,232.6025,930.41,High
17618,3,930.28,310.0933333333333,930.28,High
16907,5,928.76,185.752,928.76,High
14475,3,925.85,308.6166666666667,925.85,High
14231,3,925.71,308.57,925.71,High
17048,3,925.35,308.45,925.3499999999999,High
15312,4,924.85,231.2125,924.85,High
13805,2,924.5999999999999,462.29999999999995,924.5999999999999,High
15654,2,922.53,461.265,922.53,High
13122,2,922.39,461.195,922.39,High
16551,3,922.12,307.37333333333333,922.12,High
13934,1,922.1,922.1,922.1,High
13035,2,921.88,460.94,921.88,High
14081,2,921.62,460.81,921.62,High
15576,1,921.37,921.37,921.37,High
13984,5,920.51,184.102,920.51,High
17018,2,920.1,460.05,920.1,High
12652,1,919.98,919.98,919.98,High
13075,1,919.61,919.61,919.61,High
16511,3,918.33,306.11,918.33,High
13549,7,918.2,131.17142857142858,918.2,High
15253,5,918.2,183.64000000000001,918.2,High
14015,1,917.34,917.34,917.34,High
14712,3,917.07,305.69,917.0699999999999,High
15707,4,916.98,229.245,916.98,High
17236,6,916.13,152.68833333333333,916.13,High
14141,4,915.13,228.7825,915.13,High
16216,1,914.9300000000001,914.9300000000001,914.9300000000001,High
16809,5,914.69,182.93800000000002,914.69,High
15587,4,913.68,228.42,913.68,High
15364,2,913.19,456.595,913.19,High
14359,3,912.1800000000001,304.06,912.1800000000001,High
13192,2,911.94,455.97,911.94,High
14289,6,911.26,151.87666666666667,911.26,High
13689,1,910.0,910.0,910.0,High
13782,6,908.86,151.47666666666666,908.8599999999999,High
13038,3,908.46,302.82,908.46,High
17323,7,906.52,129.50285714285715,906.5200000000001,High
15480,1,905.5,905.5,905.5,High
15807,3,903.9,301.3,903.9000000000001,High
17848,9,901.2,100.13333333333334,901.2,High
16716,2,901.2,450.6,901.2,High
15511,5,900.53,180.106,900.53,High
12940,2,899.69,449.845,899.69,High
14625,2,899.63,449.815,899.63,High
15079,4,895.61,223.9025,895.61,High
15865,3,895.13,298.37666666666667,895.13,High
15211,2,894.4100000000001,447.20500000000004,894.4100000000001,High
15066,1,893.59,893.59,893.59,High
12772,1,892.47,892.47,892.47,High
16361,4,891.21,222.8025,891.21,High
13515,4,891.12,222.78,891.12,High
15255,1,890.85,890.85,890.85,High
14240,2,890.34,445.17,890.34,High
17007,6,889.9300000000001,148.3216666666667,889.9300000000001,High
14344,8,889.9300000000001,111.24125000000001,889.9300000000001,High
17829,1,889.24,889.24,889.24,High
17537,2,887.6700000000001,443.83500000000004,887.6700000000001,High
16900,3,887.11,295.7033333333333,887.1099999999999,High
14623,5,886.7,177.34,886.7,High
14449,4,885.8,221.45,885.8,High
15822,2,885.47,442.735,885.47,High
17704,2,885.19,442.595,885.19,High
15799,3,884.14,294.7133333333333,884.1399999999999,High
15907,3,882.72,294.24,882.72,High
18236,6,882.24,147.04,882.24,High
17109,6,881.29,146.88166666666666,881.29,High
13662,3,881.26,293.75333333333333,881.26,High
13037,3,881.07,293.69,881.0699999999999,High
15076,1,880.85,880.85,880.85,High
17027,6,877.5600000000001,146.26000000000002,877.5600000000002,High
15653,2,877.44,438.72,877.44,High
14770,2,876.4200000000001,438.21000000000004,876.4200000000001,High
15100,3,876.0,292.0,876.0,High
16513,4,874.59,218.6475,874.59,High
16657,4,874.43,218.6075,874.43,High
13294,2,873.74,436.87,873.74,High
15208,5,870.12,174.024,870.12,High
13200,4,870.09,217.5225,870.09,High
13979,1,869.87,869.87,869.87,High
17566,2,869.77,434.885,869.77,High
12694,2,869.67,434.835,869.67,High
13203,4,869.46,217.365,869.46,High
17886,3,869.28,289.76,869.28,High
17649,1,868.49,868.49,868.49,High
14912,2,867.85,433.925,867.85,High
14715,4,867.38,216.845,867.38,High
16235,5,867.3100000000001,173.46200000000002,867.3100000000001,High
14597,2,866.24,433.12,866.24,High
16567,2,865.6,432.8,865.6,High
13846,3,865.0600000000001,288.35333333333335,865.0600000000001,High
12680,4,862.81,215.7025,862.81,High
16266,7,861.89,123.12714285714286,861.89,High
16221,3,860.86,286.9533333333333,860.8599999999999,High
12794,2,860.41,430.205,860.41,High
13339,1,860.12,860.12,860.12,High
14577,4,859.71,214.9275,859.71,High
14553,5,859.27,171.85399999999998,859.27,High
13566,2,856.84,428.42,856.84,High
16163,2,856.6,428.3,856.6,High
12693,4,855.91,213.9775,855.91,High
17064,3,855.45,285.15000000000003,855.45,High
16037,3,855.02,285.00666666666666,855.02,High
12878,2,854.99,427.495,854.99,High
17560,4,854.95,213.7375,854.95,High
16121,2,854.66,427.33,854.66,High
14193,2,853.39,426.695,853.39,High
13991,6,852.88,142.14666666666668,852.8800000000001,High
15022,4,852.39,213.0975,852.39,High
12379,2,852.24,426.12,852.24,High
16070,2,852.15,426.075,852.15,High
16020,3,851.01,283.67,851.01,High
18096,3,849.06,283.02,849.06,High
12713,1,848.55,848.55,848.55,High
14657,4,848.22,212.055,848.22,High
16347,2,847.45,423.725,847.45,High
13221,2,847.41,423.705,847.41,High
16877,6,846.62,141.10333333333332,846.6199999999999,High
14803,3,845.5500000000001,281.85,845.5500000000001,High
12847,1,843.64,843.64,843.64,High
17624,2,843.48,421.74,843.48,High
17929,4,843.0,210.75,843.0,High
13929,2,842.65,421.325,842.65,High
16108,1,842.5,842.5,842.5,High
16560,2,841.41,420.705,841.41,High
14862,2,841.2,420.6,841.2,High
17076,3,841.0799999999999,280.35999999999996,841.0799999999999,High
14332,3,840.21,280.07,840.21,High
13940,4,839.14,209.785,839.14,High
17115,3,837.5,279.1666666666667,837.5,High
16554,3,837.1,279.03333333333336,837.1000000000001,High
15832,1,836.79,836.79,836.79,High
12728,4,836.33,209.0825,836.33,High
16747,2,836.0600000000001,418.03000000000003,836.0600000000001,High
17169,2,835.78,417.89,835.78,High
13835,4,834.57,208.6425,834.57,High
17075,4,834.12,208.53,834.12,High
16644,2,833.78,416.89,833.78,High
15862,4,832.88,208.22,832.88,High
14644,2,830.76,415.38,830.76,High
16924,3,829.89,276.63,829.89,High
13681,4,827.83,206.9575,827.83,High
12461,2,826.88,413.44,826.88,High
12781,2,826.74,413.37,826.74,High
16494,1,826.53,826.53,826.53,High
12427,3,825.8000000000001,275.2666666666667,825.8000000000002,High
15164,3,824.58,274.86,824.58,High
16164,3,822.48,274.16,822.48,High
12778,6,822.23,137.03833333333333,822.23,High
13893,1,821.1,821.1,821.1,High
17921,4,820.23,205.0575,820.23,High
17759,3,819.96,273.32,819.96,High
13220,4,819.2900000000001,204.82250000000002,819.2900000000001,High
16092,3,817.86,272.62,817.86,High
16869,4,817.12,204.28,817.12,High
16943,3,816.73,272.24333333333334,816.73,High
15649,2,816.0,408.0,816.0,High
15399,3,815.77,271.92333333333335,815.77,High
13811,3,814.5,271.5,814.5,High
18064,2,814.0,407.0,814.0,High
16600,6,813.52,135.58666666666667,813.52,High
16621,4,813.48,203.37,813.48,High
14421,2,813.11,406.555,813.11,High
16284,2,812.68,406.34,812.68,High
17980,3,811.45,270.48333333333335,811.45,High
16460,3,811.23,270.41,811.23,High
16276,1,810.6,810.6,810.6,High
16624,2,810.57,405.285,810.57,High
15965,4,808.87,202.2175,808.87,High
14499,3,808.44,269.48,808.44,High
15533,3,807.57,269.19,807.5699999999999,High
12421,4,807.04,201.76,807.04,High
13707,2,806.41,403.205,806.41,High
12434,2,806.14,403.07,806.14,High
13637,3,804.3,268.09999999999997,804.3,High
18248,2,804.02,402.01,804.02,High
12422,3,803.5600000000001,267.85333333333335,803.5600000000001,High
15644,4,803.54,200.885,803.54,High
18265,2,801.51,400.755,801.51,High
17114,8,801.12,100.14,801.12,High
16367,2,800.67,400.335,800.67,High
15561,4,800.5899999999999,200.14749999999998,800.5899999999999,High
13720,4,799.9,199.975,799.9,High
17905,4,798.99,199.7475,798.99,High
17703,3,798.74,266.24666666666667,798.74,High
13280,3,798.46,266.15333333333336,798.46,High
16438,5,798.35,159.67000000000002,798.3500000000001,High
13389,3,797.96,265.9866666666667,797.96,High
12701,2,797.71,398.855,797.71,High
13336,1,795.12,795.12,795.12,High
15831,3,794.64,264.88,794.64,High
15990,2,792.11,396.055,792.11,High
13167,4,791.33,197.8325,791.33,High
14976,7,790.86,112.98,790.86,High
13016,3,789.89,263.2966666666667,789.8900000000001,High
16759,3,789.79,263.2633333333333,789.79,High
13329,2,789.0,394.5,789.0,High
14557,1,788.38,788.38,788.38,High
13323,5,787.85,157.57,787.8499999999999,High
13884,5,787.6,157.52,787.6,High
16546,2,787.15,393.575,787.15,High
13212,3,786.83,262.2766666666667,786.8300000000002,High
13109,2,786.54,393.27,786.54,High
12628,3,786.46,262.15333333333336,786.46,High
15806,3,784.58,261.5266666666667,784.5800000000002,High
18136,3,784.33,261.4433333333333,784.3299999999999,High
17180,4,783.97,195.9925,783.97,High
16054,1,783.9,783.9,783.9,High
15952,4,781.91,195.4775,781.91,High
17006,4,781.78,195.445,781.78,High
15679,4,781.28,195.32,781.28,High
13583,1,781.03,781.03,781.03,High
15239,2,780.59,390.295,780.59,High
17797,3,780.43,260.1433333333333,780.43,High
18228,2,779.9,389.95,779.9,High
12735,2,779.5699999999999,389.78499999999997,779.5699999999999,High
17411,3,778.94,259.6466666666667,778.94,High
13375,1,778.65,778.65,778.65,High
14815,2,778.5,389.25,778.5,High
17414,2,778.0,389.0,778.0,High
16505,1,777.6,777.6,777.6,High
13563,2,777.53,388.765,777.53,High
12425,1,777.2,777.2,777.2,High
15618,4,776.851,194.21275,776.851,High
15743,4,775.96,193.99,775.96,High
13314,3,775.94,258.6466666666667,775.94,High
13341,1,775.85,775.85,775.85,High
16825,2,775.18,387.59,775.18,High
15414,3,774.9000000000001,258.3,774.9000000000001,High
16043,4,773.99,193.4975,773.99,High
16222,1,773.55,773.55,773.55,High
15075,1,773.03,773.03,773.03,High
17764,2,772.55,386.275,772.55,High
17409,2,771.85,385.925,771.85,High
15353,2,770.12,385.06,770.12,High
14412,2,770.03,385.015,770.03,High
12965,1,769.8100000000001,769.8100000000001,769.8100000000001,High
16480,1,769.29,769.29,769.29,High
13356,1,768.24,768.24,768.24,High
14672,2,765.5500000000001,382.77500000000003,765.5500000000001,High
17695,2,765.34,382.67,765.34,High
14885,1,765.3199999999999,765.3199999999999,765.3199999999999,High
17516,5,764.88,152.976,764.88,High
17268,4,763.64,190.91,763.64,High
17466,2,763.28,381.64,763.28,High
16806,4,762.16,190.54,762.16,High
15599,2,761.74,380.87,761.74,High
14883,6,761.59,126.93166666666667,761.59,High
17425,2,759.1700000000001,379.58500000000004,759.1700000000001,High
16036,2,758.9200000000001,379.46000000000004,758.9200000000001,High
15568,3,758.29,252.76333333333332,758.29,High
16725,7,758.27,108.32428571428571,758.27,High
12413,3,758.1,252.70000000000002,758.1,High
16205,4,757.63,189.4075,757.63,High
14550,2,757.37,378.685,757.37,High
16770,5,757.1,151.42000000000002,757.1000000000001,High
15223,2,755.75,377.875,755.75,High
13370,1,754.87,754.87,754.87,High
18104,1,754.64,754.64,754.64,High
14234,4,754.12,188.53,754.12,High
16470,4,752.77,188.1925,752.77,High
13730,2,752.6,376.3,752.6,High
13030,2,752.44,376.22,752.44,High
16256,1,752.4300000000001,752.4300000000001,752.4300000000001,High
12908,2,750.0,375.0,750.0,High
17146,3,749.78,249.92666666666665,749.78,High
14923,1,749.1,749.1,749.1,High
15656,4,748.5,187.125,748.5,High
16859,2,747.81,373.905,747.81,High
14201,7,747.44,106.77714285714286,747.44,High
17387,2,746.81,373.405,746.81,High
14050,2,746.36,373.18,746.36,High
17034,3,745.52,248.50666666666666,745.52,High
13950,4,745.0600000000001,186.26500000000001,745.0600000000001,High
14790,4,745.06,186.265,745.06,High
13236,2,744.85,372.425,744.85,High
13354,1,743.53,743.53,743.53,High
16730,3,743.11,247.70333333333335,743.11,High
12374,1,742.9300000000001,742.9300000000001,742.9300000000001,High
16891,5,742.43,148.486,742.43,High
12465,2,742.19,371.095,742.19,High
14662,4,741.37,185.3425,741.37,High
13753,1,741.26,741.26,741.26,High
13900,3,740.95,246.98333333333335,740.95,High
17692,4,740.94,185.235,740.94,High
15252,2,740.78,370.39,740.78,High
12603,1,739.1999999999999,739.1999999999999,739.1999999999999,High
14756,1,738.96,738.96,738.96,High
12976,1,738.6,738.6,738.6,High
17461,3,735.82,245.27333333333334,735.82,High
15074,1,735.67,735.67,735.67,High
15045,2,735.66,367.83,735.66,High
15215,3,734.94,244.98000000000002,734.94,High
15525,3,734.37,244.79,734.37,High
16146,3,734.13,244.71,734.13,High
17979,4,732.41,183.1025,732.41,High
13575,5,732.07,146.41400000000002,732.07,High
16099,3,731.9,243.96666666666667,731.9,High
16491,1,731.5,731.5,731.5,High
14778,2,730.86,365.43,730.86,High
13736,2,729.8,364.9,729.8,High
12468,2,729.54,364.77,729.54,High
16261,4,728.54,182.135,728.54,High
17666,2,728.16,364.08,728.16,High
13077,4,728.02,182.005,728.02,High
13623,5,727.74,145.548,727.74,High
14055,1,725.6400000000001,725.6400000000001,725.6400000000001,High
16140,2,725.1800000000001,362.59000000000003,725.1800000000001,High
12723,5,725.07,145.014,725.07,High
15636,2,724.76,362.38,724.76,High
12475,1,723.38,723.38,723.38,High
17521,3,723.21,241.07000000000002,723.21,High
15272,2,721.94,360.97,721.94,High
14869,2,721.45,360.725,721.45,High
15584,4,720.86,180.215,720.86,High
18062,3,720.52,240.17333333333332,720.52,High
16023,3,719.81,239.93666666666664,719.81,High
15274,2,716.57,358.285,716.57,High
12535,2,716.35,358.175,716.35,High
15400,5,716.2,143.24,716.2,High
17888,8,716.0,89.5,716.0,High
17029,2,716.0,358.0,716.0,High
15330,2,714.9599999999999,357.47999999999996,714.9599999999999,High
15757,2,714.42,357.21,714.42,High
18035,3,713.89,237.96333333333334,713.89,High
12616,2,713.3,356.65,713.3,High
13169,2,712.88,356.44,712.88,High
13147,4,712.8,178.2,712.8,High
17761,1,712.78,712.78,712.78,High
13416,2,712.5,356.25,712.5,High
13587,1,712.4,712.4,712.4,High
17642,2,712.29,356.145,712.29,High
15855,5,712.24,142.448,712.24,High
13705,3,711.86,237.28666666666666,711.86,High
17179,3,711.79,237.26333333333332,711.79,High
13249,3,711.41,237.13666666666666,711.41,High
14867,3,710.28,236.76,710.28,High
16362,5,709.99,141.998,709.99,High
14127,3,709.71,236.57000000000002,709.71,High
16136,3,709.38,236.46,709.38,High
15951,2,708.22,354.11,708.22,High
16449,2,707.69,353.845,707.69,High
12453,1,707.09,707.09,707.09,High
16309,2,706.57,353.285,706.57,High
14126,3,706.1300000000001,235.3766666666667,706.1300000000001,High
16364,2,705.79,352.895,705.79,High
16882,3,705.12,235.04,705.12,High
16015,3,704.55,234.85,704.55,High
17934,2,704.25,352.125,704.25,High
12612,1,704.04,704.04,704.04,High
17974,3,703.99,234.66333333333333,703.99,High
12883,4,703.47,175.8675,703.47,High
15103,2,703.36,351.68,703.36,High
16997,3,702.0,234.0,702.0,High
14179,2,701.57,350.785,701.57,High
14198,4,701.4,175.35,701.4,High
14356,2,701.23,350.615,701.23,High
13238,4,700.73,175.1825,700.73,High
17734,3,700.63,233.54333333333332,700.63,High
17812,4,699.81,174.9525,699.81,High
17423,2,698.41,349.205,698.41,High
14829,4,697.55,174.3875,697.55,High
17472,3,697.54,232.51333333333332,697.54,High
15800,2,696.89,348.445,696.89,High
15700,2,696.68,348.34,696.68,High
14009,2,695.61,347.805,695.61,High
14959,4,695.42,173.855,695.42,High
17884,4,695.07,173.7675,695.07,High
15304,8,694.4,86.8,694.4,High
12925,2,694.05,347.025,694.05,High
15053,3,693.95,231.3166666666667,693.95,High
14643,2,693.8100000000001,346.90500000000003,693.8100000000001,High
12410,2,693.33,346.665,693.33,High
13601,2,693.32,346.66,693.32,High
14111,4,692.85,173.2125,692.85,High
17198,3,692.22,230.74,692.22,High
17733,2,692.19,346.095,692.19,High
14880,3,690.59,230.1966666666667,690.59,High
16212,2,690.34,345.17,690.34,High
17796,4,690.0,172.5,690.0,High
18085,2,689.95,344.975,689.95,High
13023,2,689.9,344.95,689.9,High
15181,3,689.48,229.82666666666668,689.48,High
17502,4,689.1,172.275,689.1,High
13799,2,688.86,344.43,688.86,High
16642,2,688.33,344.165,688.33,High
18196,2,686.63,343.315,686.63,High
12658,1,686.05,686.05,686.05,High
15038,6,685.74,114.29,685.74,High
16122,4,684.42,171.105,684.42,High
15669,4,684.34,171.085,684.34,High
17874,6,683.46,113.91000000000001,683.46,High
14222,1,683.17,683.17,683.17,High
15582,3,682.9100000000001,227.63666666666668,682.9100000000001,High
17341,3,682.29,227.42999999999998,682.29,High
18135,5,681.91,136.382,681.9100000000001,High
17397,2,681.41,340.705,681.41,High
12478,1,680.99,680.99,680.99,High
18082,1,680.84,680.84,680.84,High
13524,5,680.1800000000001,136.036,680.1800000000001,High
16872,3,680.02,226.67333333333332,680.02,High
15322,1,679.68,679.68,679.68,High
13430,2,679.45,339.725,679.45,High
14788,2,679.44,339.72,679.44,High
13925,4,678.25,169.5625,678.25,High
13548,2,678.16,339.08,678.16,High
13388,2,677.1,338.55,677.1,High
13040,2,676.99,338.495,676.99,High
16377,1,676.2,676.2,676.2,High
15626,2,675.8,337.9,675.8,High
17462,2,675.69,337.845,675.69,High
18156,2,675.64,337.82,675.64,High
15574,4,675.64,168.91,675.64,High
12942,3,675.6,225.20000000000002,675.6,High
13607,1,675.51,675.51,675.51,High
13325,1,675.3,675.3,675.3,High
17994,4,674.89,168.7225,674.89,High
13838,4,674.82,168.705,674.82,High
13355,1,674.7,674.7,674.7,High
13464,1,674.68,674.68,674.68,High
17749,2,674.52,337.26,674.52,High
13951,3,674.45,224.8166666666667,674.45,High
14504,4,673.26,168.315,673.26,High
13258,3,672.83,224.27666666666667,672.83,High
14628,2,671.96,335.98,671.96,High
12838,2,671.95,335.975,671.95,High
12638,1,671.69,671.69,671.69,High
12418,1,668.58,668.58,668.58,High
14342,4,668.5600000000001,167.14000000000001,668.5600000000001,Medium
13741,3,668.4300000000001,222.81000000000003,668.4300000000001,Medium
16268,2,667.65,333.825,667.65,Medium
15969,3,666.1,222.03333333333333,666.1,Medium
17105,2,665.78,332.89,665.78,Medium
13963,4,664.54,166.135,664.54,Medium
17883,4,664.34,166.085,664.34,Medium
16208,2,664.26,332.13,664.26,Medium
13596,2,664.11,332.055,664.11,Medium
15643,3,664.0,221.33333333333334,664.0,Medium
14720,3,663.81,221.26999999999998,663.81,Medium
13240,4,663.65,165.9125,663.65,Medium
16573,2,663.61,331.805,663.61,Medium
16774,4,661.52,165.38,661.52,Medium
13028,2,661.3199999999999,330.65999999999997,661.3199999999999,Medium
14603,1,660.0,660.0,660.0,Medium
15492,2,659.46,329.73,659.46,Medium
13759,2,659.4100000000001,329.70500000000004,659.4100000000001,Medium
16357,3,658.88,219.62666666666667,658.88,Medium
14150,2,658.64,329.32,658.64,Medium
16696,4,657.9,164.475,657.9,Medium
14818,3,657.8,219.26666666666665,657.8,Medium
17459,2,657.3,328.65,657.3,Medium
15677,1,657.23,657.23,657.23,Medium
17321,2,657.16,328.58,657.16,Medium
16157,3,656.69,218.89666666666668,656.69,Medium
13049,2,656.6800000000001,328.34000000000003,656.6800000000001,Medium
16708,1,656.63,656.63,656.63,Medium
17299,4,656.61,164.1525,656.61,Medium
16127,1,656.25,656.25,656.25,Medium
14894,1,655.75,655.75,655.75,Medium
14725,1,655.58,655.58,655.58,Medium
16444,4,654.67,163.6675,654.67,Medium
14651,2,653.75,326.875,653.75,Medium
17398,3,653.38,217.79333333333332,653.38,Medium
18151,2,653.35,326.675,653.35,Medium
13496,2,653.33,326.665,653.33,Medium
18121,2,653.3000000000001,326.65000000000003,653.3000000000001,Medium
15205,2,653.24,326.62,653.24,Medium
15031,4,653.19,163.2975,653.19,Medium
14548,2,652.8,326.4,652.8,Medium
17523,4,652.74,163.185,652.74,Medium
16056,1,650.75,650.75,650.75,Medium
15571,4,650.4300000000001,162.60750000000002,650.4300000000001,Medium
16969,3,650.41,216.8033333333333,650.41,Medium
17779,3,650.32,216.77333333333334,650.32,Medium
14034,3,648.89,216.29666666666665,648.89,Medium
16495,3,648.26,216.08666666666667,648.26,Medium
17777,3,647.56,215.85333333333332,647.56,Medium
17373,4,646.92,161.73,646.92,Medium
16014,3,646.83,215.61,646.83,Medium
16734,3,646.76,215.58666666666667,646.76,Medium
12589,2,646.68,323.34,646.68,Medium
14044,4,646.42,161.605,646.42,Medium
15651,3,646.3,215.4333333333333,646.3,Medium
14855,2,645.65,322.825,645.65,Medium
12719,2,644.95,322.475,644.95,Medium
17312,3,644.3,214.76666666666665,644.3,Medium
14451,2,643.9,321.95,643.9,Medium
16383,2,643.76,321.88,643.76,Medium
14020,2,642.8,321.4,642.8,Medium
13034,2,642.77,321.385,642.77,Medium
15384,2,642.41,321.205,642.41,Medium
17545,3,642.32,214.10666666666668,642.32,Medium
17046,1,642.02,642.02,642.02,Medium
15297,3,641.94,213.98000000000002,641.94,Medium
18218,2,641.92,320.96,641.92,Medium
12365,2,641.38,320.69,641.38,Medium
12624,2,641.13,320.565,641.13,Medium
13417,2,640.83,320.415,640.83,Medium
13318,3,640.76,213.58666666666667,640.76,Medium
12631,1,640.5,640.5,640.5,Medium
14301,1,640.14,640.14,640.14,Medium
15648,2,639.5,319.75,639.5,Medium
17515,4,639.02,159.755,639.02,Medium
18160,2,638.0600000000001,319.03000000000003,638.0600000000001,Medium
14754,2,638.05,319.025,638.05,Medium
14128,2,637.5,318.75,637.5,Medium
14481,2,636.51,318.255,636.51,Medium
14664,2,636.24,318.12,636.24,Medium
15829,2,636.14,318.07,636.14,Medium
15773,1,635.6800000000001,635.6800000000001,635.6800000000001,Medium
14000,1,635.66,635.66,635.66,Medium
16139,3,635.4100000000001,211.80333333333337,635.4100000000001,Medium
13892,4,632.97,158.2425,632.97,Medium
14220,2,632.4000000000001,316.20000000000005,632.4000000000001,Medium
16306,6,632.27,105.37833333333333,632.27,Medium
18183,2,632.07,316.035,632.07,Medium
13822,2,632.0,316.0,632.0,Medium
14021,3,631.9,210.63333333333333,631.9,Medium
15244,2,631.57,315.785,631.57,Medium
17985,1,631.35,631.35,631.35,Medium
13539,3,631.34,210.4466666666667,631.34,Medium
16418,3,631.12,210.37333333333333,631.12,Medium
17990,3,630.84,210.28,630.84,Medium
13046,2,629.31,314.655,629.31,Medium
13525,2,628.78,314.39,628.78,Medium
14687,1,628.38,628.38,628.38,Medium
13518,1,627.16,627.16,627.16,Medium
15028,4,627.13,156.7825,627.13,Medium
15402,2,626.77,313.385,626.77,Medium
14036,1,626.65,626.65,626.65,Medium
12577,3,626.6,208.86666666666667,626.6,Medium
13914,2,626.45,313.225,626.45,Medium
16469,4,625.42,156.355,625.42,Medium
16750,5,623.93,124.78599999999999,623.93,Medium
12649,3,623.51,207.83666666666667,623.51,Medium
15147,1,623.5,623.5,623.5,Medium
13368,2,623.4,311.7,623.4,Medium
16431,3,623.28,207.76,623.28,Medium
15258,2,623.16,311.58,623.16,Medium
17499,1,622.88,622.88,622.88,Medium
15182,2,622.85,311.425,622.85,Medium
17460,6,622.4300000000001,103.73833333333334,622.4300000000001,Medium
15768,3,621.83,207.27666666666667,621.83,Medium
18217,2,621.75,310.875,621.75,Medium
16915,6,621.6800000000001,103.61333333333334,621.6800000000001,Medium
17640,1,621.66,621.66,621.66,Medium
14152,2,621.29,310.645,621.29,Medium
13402,2,621.23,310.615,621.23,Medium
13546,3,621.09,207.03,621.09,Medium
16141,1,620.4,620.4,620.4,Medium
12667,1,620.13,620.13,620.13,Medium
13493,2,618.63,309.315,618.63,Medium
16613,1,618.59,618.59,618.59,Medium
13145,4,618.52,154.63,618.52,Medium
12596,2,618.27,309.135,618.27,Medium
16134,2,618.09,309.045,618.09,Medium
13301,4,618.09,154.5225,618.09,Medium
14593,3,617.15,205.71666666666667,617.15,Medium
14377,2,617.05,308.525,617.05,Medium
16311,2,616.26,308.13,616.26,Medium
14905,2,616.15,308.075,616.15,Medium
14382,1,615.49,615.49,615.49,Medium
15275,1,615.14,615.14,615.14,Medium
16566,5,614.66,122.93199999999999,614.66,Medium
16116,1,612.78,612.78,612.78,Medium
18022,1,612.72,612.72,612.72,Medium
12513,1,612.29,612.29,612.29,Medium
18149,3,612.0799999999999,204.02666666666664,612.0799999999999,Medium
15232,2,612.06,306.03,612.06,Medium
15645,1,612.01,612.01,612.01,Medium
16109,2,611.88,305.94,611.88,Medium
16763,1,611.8499999999999,611.8499999999999,611.8499999999999,Medium
13731,2,610.59,305.295,610.59,Medium
12673,2,610.52,305.26,610.52,Medium
15795,1,610.01,610.01,610.01,Medium
14636,2,609.85,304.925,609.85,Medium
13357,1,609.4,609.4,609.4,Medium
16442,3,609.3,203.1,609.3,Medium
13933,2,608.79,304.395,608.79,Medium
12933,3,607.53,202.51,607.53,Medium
17119,2,606.91,303.455,606.91,Medium
16718,1,606.0500000000001,606.0500000000001,606.0500000000001,Medium
17849,4,605.8000000000001,151.45000000000002,605.8000000000001,Medium
14133,3,605.64,201.88,605.64,Medium
17507,2,605.58,302.79,605.58,Medium
13233,2,605.12,302.56,605.12,Medium
14323,2,605.0600000000001,302.53000000000003,605.0600000000001,Medium
17664,2,604.64,302.32,604.64,Medium
12944,2,604.51,302.255,604.51,Medium
16732,1,603.75,603.75,603.75,Medium
12707,1,603.42,603.42,603.42,Medium
16022,1,602.63,602.63,602.63,Medium
15366,2,602.51,301.255,602.51,Medium
12654,5,601.98,120.396,601.98,Medium
14609,4,601.56,150.39,601.56,Medium
16654,4,601.27,150.3175,601.27,Medium
12420,1,600.39,600.39,600.39,Medium
18211,5,600.07,120.01400000000001,600.07,Medium
12872,2,599.97,299.985,599.97,Medium
12521,1,599.68,599.68,599.68,Medium
12556,2,599.56,299.78,599.56,Medium
14710,4,599.48,149.87,599.48,Medium
17420,3,598.83,199.61,598.83,Medium
15720,1,598.73,598.73,598.73,Medium
13311,2,598.57,299.285,598.57,Medium
16298,3,598.2,199.4,598.2,Medium
14108,2,597.91,298.955,597.91,Medium
14645,2,597.09,298.545,597.09,Medium
15381,2,596.85,298.425,596.85,Medium
14675,1,596.36,596.36,596.36,Medium
14467,4,596.26,149.065,596.26,Medium
18246,2,596.1,298.05,596.1,Medium
14965,2,596.09,298.045,596.09,Medium
13888,2,595.67,297.835,595.67,Medium
17658,2,595.42,297.71,595.42,Medium
14284,2,595.25,297.625,595.25,Medium
13558,4,594.52,148.63,594.52,Medium
16788,2,594.39,297.195,594.39,Medium
16325,3,594.24,198.08,594.24,Medium
13959,3,594.04,198.01333333333332,594.04,Medium
15442,1,594.0,594.0,594.0,Medium
12917,1,594.0,594.0,594.0,Medium
16535,1,593.75,593.75,593.75,Medium
18232,4,592.97,148.2425,592.97,Medium
16203,4,592.9,148.225,592.9,Medium
14692,4,591.55,147.8875,591.55,Medium
15573,2,591.1899999999999,295.59499999999997,591.1899999999999,Medium
13276,2,590.9300000000001,295.46500000000003,590.9300000000001,Medium
13452,2,590.0,295.0,590.0,Medium
13270,1,590.0,590.0,590.0,Medium
14882,2,589.7,294.85,589.7,Medium
16838,2,588.85,294.425,588.85,Medium
14338,2,588.22,294.11,588.22,Medium
15624,4,588.13,147.0325,588.13,Medium
17351,3,587.15,195.71666666666667,587.15,Medium
17890,2,586.89,293.445,586.89,Medium
12384,2,585.27,292.635,585.27,Medium
13243,1,585.12,585.12,585.12,Medium
15222,1,585.0,585.0,585.0,Medium
16384,2,584.5,292.25,584.5,Medium
16072,1,584.3199999999999,584.3199999999999,584.3199999999999,Medium
14023,2,584.07,292.035,584.07,Medium
13557,2,584.0600000000001,292.03000000000003,584.0600000000001,Medium
15762,2,583.75,291.875,583.75,Medium
17014,3,583.4300000000001,194.4766666666667,583.4300000000001,Medium
12426,1,582.73,582.73,582.73,Medium
13427,3,582.6,194.20000000000002,582.6,Medium
12695,4,582.1,145.525,582.1,Medium
17259,2,581.23,290.615,581.23,Medium
18095,2,580.05,290.025,580.05,Medium
17142,1,579.0,579.0,579.0,Medium
13292,2,578.94,289.47,578.94,Medium
17540,2,578.9,289.45,578.9,Medium
16005,4,578.71,144.6775,578.71,Medium
14529,3,578.61,192.87,578.61,Medium
12601,5,577.0600000000001,115.412,577.0600000000001,Medium
14176,4,576.9000000000001,144.22500000000002,576.9000000000001,Medium
16723,2,576.4,288.2,576.4,Medium
15830,1,576.0,576.0,576.0,Medium
15550,4,575.63,143.9075,575.63,Medium
13487,3,575.4,191.79999999999998,575.4,Medium
14400,1,574.7,574.7,574.7,Medium
18123,2,574.4399999999999,287.21999999999997,574.4399999999999,Medium
15339,2,574.07,287.035,574.07,Medium
15303,1,574.02,574.02,574.02,Medium
12879,3,573.22,191.07333333333335,573.22,Medium
13379,3,572.56,190.85333333333332,572.56,Medium
13405,3,572.451,190.817,572.451,Medium
12816,2,572.2,286.1,572.2,Medium
13816,2,571.6700000000001,285.83500000000004,571.6700000000001,Medium
17616,3,571.1999999999999,190.39999999999998,571.1999999999999,Medium
15821,2,570.96,285.48,570.96,Medium
15315,2,570.5,285.25,570.5,Medium
13939,3,568.55,189.51666666666665,568.55,Medium
17360,3,568.24,189.41333333333333,568.24,Medium
13321,2,567.36,283.68,567.36,Medium
16667,2,567.1800000000001,283.59000000000003,567.1800000000001,Medium
18150,3,566.58,188.86,566.58,Medium
16278,1,566.38,566.38,566.38,Medium
16345,1,565.46,565.46,565.46,Medium
13894,3,564.62,188.20666666666668,564.62,Medium
15344,3,563.94,187.98000000000002,563.94,Medium
16933,2,563.23,281.615,563.23,Medium
14753,1,563.15,563.15,563.15,Medium
17970,1,562.79,562.79,562.79,Medium
14167,4,562.59,140.6475,562.59,Medium
12414,3,562.4100000000001,187.47000000000003,562.4100000000001,Medium
16916,2,562.41,281.205,562.41,Medium
12559,2,561.71,280.855,561.71,Medium
13946,3,561.57,187.19000000000003,561.57,Medium
15655,1,560.6700000000001,560.6700000000001,560.6700000000001,Medium
13044,1,560.47,560.47,560.47,Medium
14273,4,559.97,139.9925,559.97,Medium
16275,1,559.87,559.87,559.87,Medium
15415,1,559.61,559.61,559.61,Medium
16906,4,559.59,139.8975,559.59,Medium
12866,1,559.12,559.12,559.12,Medium
17503,2,558.96,279.48,558.96,Medium
12987,2,558.7,279.35,558.7,Medium
13800,1,558.32,558.32,558.32,Medium
14592,3,557.94,185.98000000000002,557.94,Medium
13260,1,557.62,557.62,557.62,Medium
17955,4,557.3,139.325,557.3,Medium
16385,3,554.86,184.95333333333335,554.86,Medium
17864,3,554.85,184.95000000000002,554.85,Medium
14891,2,554.38,277.19,554.38,Medium
14618,3,553.44,184.48000000000002,553.44,Medium
15068,2,553.36,276.68,553.36,Medium
12363,2,552.0,276.0,552.0,Medium
17674,2,551.04,275.52,551.04,Medium
17291,1,550.8000000000001,550.8000000000001,550.8000000000001,Medium
17235,2,550.0600000000001,275.03000000000003,550.0600000000001,Medium
17265,2,550.01,275.005,550.01,Medium
12390,1,549.84,549.84,549.84,Medium
14177,4,549.46,137.365,549.46,Medium
16536,1,548.12,548.12,548.12,Medium
16031,2,547.9,273.95,547.9,Medium
14474,1,547.66,547.66,547.66,Medium
16811,2,547.07,273.535,547.07,Medium
17637,2,547.0600000000001,273.53000000000003,547.0600000000001,Medium
16211,1,547.02,547.02,547.02,Medium
17295,3,547.0,182.33333333333334,547.0,Medium
17520,1,546.81,546.81,546.81,Medium
14805,4,546.4,136.6,546.4,Medium
14997,3,546.1999999999999,182.06666666666663,546.1999999999999,Medium
17806,1,546.04,546.04,546.04,Medium
12793,2,545.48,272.74,545.48,Medium
16475,4,544.3,136.075,544.3,Medium
13617,3,544.18,181.39333333333332,544.18,Medium
13390,1,544.08,544.08,544.08,Medium
16927,3,543.05,181.01666666666665,543.05,Medium
13278,1,542.73,542.73,542.73,Medium
16230,2,542.03,271.015,542.03,Medium
17897,3,541.81,180.60333333333332,541.81,Medium
17447,2,541.53,270.765,541.53,Medium
17557,3,541.46,180.48666666666668,541.46,Medium
13874,1,540.45,540.45,540.45,Medium
12743,2,540.13,270.065,540.13,Medium
13812,3,539.0,179.66666666666666,539.0,Medium
14496,2,538.8100000000001,269.40500000000003,538.8100000000001,Medium
15469,2,538.55,269.275,538.55,Medium
15539,1,538.46,538.46,538.46,Medium
14539,2,537.48,268.74,537.48,Medium
16206,4,537.0600000000001,134.26500000000001,537.0600000000001,Medium
15043,1,537.0,537.0,537.0,Medium
16804,3,536.99,178.99666666666667,536.99,Medium
16233,3,536.6800000000001,178.89333333333335,536.6800000000001,Medium
16142,1,535.34,535.34,535.34,Medium
13000,3,534.85,178.28333333333333,534.85,Medium
13385,1,534.57,534.57,534.57,Medium
16340,1,534.31,534.31,534.31,Medium
17443,1,534.24,534.24,534.24,Medium
13434,2,534.24,267.12,534.24,Medium
13217,3,533.98,177.99333333333334,533.98,Medium
17062,4,533.33,133.3325,533.33,Medium
15433,2,533.3,266.65,533.3,Medium
15825,1,532.94,532.94,532.94,Medium
12784,2,532.82,266.41,532.82,Medium
16706,3,531.35,177.11666666666667,531.35,Medium
14265,2,530.18,265.09,530.18,Medium
18159,1,530.15,530.15,530.15,Medium
14002,2,529.73,264.865,529.73,Medium
14463,3,529.62,176.54,529.62,Medium
16185,2,529.41,264.705,529.41,Medium
18043,3,529.29,176.42999999999998,529.29,Medium
15452,3,528.48,176.16,528.48,Medium
17631,3,528.33,176.11,528.33,Medium
16602,1,528.08,528.08,528.08,Medium
15756,4,528.01,132.0025,528.01,Medium
12479,1,527.2,527.2,527.2,Medium
17623,1,527.05,527.05,527.05,Medium
15919,2,525.69,262.845,525.69,Medium
17429,3,524.9200000000001,174.97333333333336,524.9200000000001,Medium
15467,3,524.88,174.96,524.88,Medium
13721,1,524.14,524.14,524.14,Medium
17329,2,523.11,261.555,523.11,Medium
18017,3,523.0,174.33333333333334,523.0,Medium
17712,1,522.91,522.91,522.91,Medium
12863,1,521.2,521.2,521.2,Medium
15149,1,520.8000000000001,520.8000000000001,520.8000000000001,Medium
17345,4,519.6899999999999,129.92249999999999,519.6899999999999,Medium
14873,1,519.68,519.68,519.68,Medium
12571,2,519.61,259.805,519.61,Medium
13643,3,519.44,173.14666666666668,519.44,Medium
16955,4,518.67,129.6675,518.67,Medium
16650,1,518.42,518.42,518.42,Medium
15030,2,518.28,259.14,518.28,Medium
18252,2,518.27,259.135,518.27,Medium
16892,5,518.19,103.638,518.19,Medium
16135,1,517.55,517.55,517.55,Medium
17454,4,517.53,129.3825,517.53,Medium
18205,2,517.36,258.68,517.36,Medium
13043,1,516.42,516.42,516.42,Medium
15882,4,516.36,129.09,516.36,Medium
15809,5,515.77,103.154,515.77,Medium
12811,3,514.85,171.61666666666667,514.85,Medium
15246,2,514.15,257.075,514.15,Medium
13005,2,513.7,256.85,513.7,Medium
17513,1,513.2,513.2,513.2,Medium
17290,2,513.01,256.505,513.01,Medium
17805,1,512.31,512.31,512.31,Medium
17480,1,511.82,511.82,511.82,Medium
15891,1,511.68,511.68,511.68,Medium
12582,2,511.36,255.68,511.36,Medium
14851,2,511.35,255.675,511.35,Medium
16561,2,511.12,255.56,511.12,Medium
15406,2,510.71000000000004,255.35500000000002,510.71000000000004,Medium
12436,1,509.01,509.01,509.01,Medium
17391,2,508.8,254.4,508.8,Medium
15417,1,508.8,508.8,508.8,Medium
14317,1,508.58,508.58,508.58,Medium
17958,1,508.46000000000004,508.46000000000004,508.46000000000004,Medium
17415,1,507.84,507.84,507.84,Medium
14158,1,507.65999999999997,507.65999999999997,507.65999999999997,Medium
14820,4,507.29,126.8225,507.29,Medium
16960,3,507.05,169.01666666666668,507.05000000000007,Medium
13885,2,506.8,253.4,506.8,Medium
16614,1,506.19,506.19,506.19,Medium
12988,1,505.82,505.82,505.82,Medium
14014,1,505.18,505.18,505.18,Medium
15081,5,504.8,100.96000000000001,504.80000000000007,Medium
12991,2,503.76,251.88,503.76,Medium
17630,2,503.6,251.8,503.6,Medium
15535,4,502.9,125.725,502.9,Medium
16863,2,502.8,251.4,502.8,Medium
13865,4,501.56,125.39,501.56,Medium
15881,5,501.39,100.27799999999999,501.39,Medium
14871,4,501.28000000000003,125.32000000000001,501.28000000000003,Medium
13116,1,501.14,501.14,501.14,Medium
13247,4,501.12,125.28,501.12,Medium
16898,3,501.03000000000003,167.01000000000002,501.0300000000001,Medium
16616,2,500.42,250.21,500.42,Medium
15389,1,500.0,500.0,500.0,Medium
14077,5,499.42,99.884,499.42,Medium
15193,1,499.32,499.32,499.32,Medium
14681,3,498.95,166.31666666666666,498.95,Medium
16488,3,498.8,166.26666666666668,498.80000000000007,Medium
15142,1,498.74,498.74,498.74,Medium
17053,1,498.48,498.48,498.48,Medium
17298,2,498.42,249.21,498.42,Medium
16820,1,497.61,497.61,497.61,Medium
17495,2,497.56,248.78,497.56,Medium
15300,1,496.44,496.44,496.44,Medium
15018,3,496.21,165.40333333333334,496.21000000000004,Medium
12904,2,496.06,248.03,496.06,Medium
17374,2,495.77,247.885,495.77,Medium
15448,1,494.64,494.64,494.64,Medium
16352,2,494.44,247.22,494.44,Medium
17333,1,494.25,494.25,494.25,Medium
12763,2,494.08,247.04,494.08,Medium
14270,1,492.65000000000003,492.65000000000003,492.65000000000003,Medium
13732,1,491.86,491.86,491.86,Medium
14236,2,490.86,245.43,490.86,Medium
15000,1,490.52,490.52,490.52,Medium
15877,2,490.33,245.165,490.33,Medium
14416,2,490.22,245.11,490.22,Medium
18074,1,489.6,489.6,489.6,Medium
12809,1,489.31,489.31,489.31,Medium
17361,3,488.2,162.73333333333332,488.19999999999993,Medium
14396,2,487.99,243.995,487.99,Medium
15165,1,487.75,487.75,487.75,Medium
16643,1,487.51,487.51,487.51,Medium
13338,1,487.02,487.02,487.02,Medium
13675,2,486.82000000000005,243.41000000000003,486.82000000000005,Medium
17453,2,486.72,243.36,486.72,Medium
15287,2,486.69,243.345,486.69,Medium
13153,1,486.22,486.22,486.22,Medium
12639,1,486.1,486.1,486.1,Medium
15109,1,484.95,484.95,484.95,Medium
16999,2,484.82,242.41,484.82,Medium
16518,2,484.32,242.16,484.32,Medium
13531,2,483.8,241.9,483.8,Medium
14958,3,483.73,161.24333333333334,483.73,Medium
12808,3,483.65000000000003,161.21666666666667,483.65,Medium
14147,2,483.4,241.7,483.4,Medium
14450,3,483.25,161.08333333333334,483.25,Medium
16603,2,482.47,241.235,482.47,Medium
17950,3,482.2,160.73333333333332,482.19999999999993,Medium
12504,2,482.04999999999995,241.02499999999998,482.04999999999995,Medium
18216,1,481.75,481.75,481.75,Medium
13176,1,481.49,481.49,481.49,Medium
14130,1,480.91,480.91,480.91,Medium
15091,1,480.71,480.71,480.71,Medium
15006,1,480.38,480.38,480.38,Medium
17555,2,480.31,240.155,480.31,Medium
16368,2,479.91,239.955,479.91,Medium
16812,1,479.35,479.35,479.35,Medium
16008,3,478.78,159.59333333333333,478.78,Medium
15589,3,478.53,159.51,478.53,Medium
16768,3,478.09000000000003,159.36333333333334,478.09000000000003,Medium
12644,1,477.90999999999997,477.90999999999997,477.90999999999997,Medium
16693,2,477.86,238.93,477.86,Medium
13092,5,477.83,95.566,477.83000000000004,Medium
14320,2,477.79,238.895,477.79,Medium
12447,1,476.49,476.49,476.49,Medium
18176,1,476.35,476.35,476.35,Medium
15507,1,475.86,475.86,475.86,Medium
14853,2,475.8,237.9,475.8,Medium
14497,1,475.37,475.37,475.37,Medium
15780,3,475.28000000000003,158.42666666666668,475.28000000000003,Medium
14013,3,473.02,157.67333333333332,473.02,Medium
16038,3,471.78,157.26,471.78,Medium
15721,1,471.40000000000003,471.40000000000003,471.40000000000003,Medium
13066,2,470.8,235.4,470.8,Medium
15963,2,470.76,235.38,470.76,Medium
14431,1,470.36,470.36,470.36,Medium
15026,3,469.0,156.33333333333334,469.0,Medium
15557,1,468.91,468.91,468.91,Medium
14896,2,468.77000000000004,234.38500000000002,468.77000000000004,Medium
13171,3,468.41,156.13666666666668,468.4100000000001,Medium
14029,2,467.66,233.83,467.66,Medium
15468,2,467.51,233.755,467.51,Medium
13579,2,467.04,233.52,467.04,Medium
16374,2,466.73,233.365,466.73,Medium
14205,2,466.7,233.35,466.7,Medium
16504,1,465.88,465.88,465.88,Medium
13248,2,465.68,232.84,465.68,Medium
16742,1,464.9,464.9,464.9,Medium
13928,4,464.57,116.1425,464.57,Medium
16586,1,463.95,463.95,463.95,Medium
15349,2,463.91,231.955,463.91,Medium
14967,1,463.8,463.8,463.8,Medium
12787,3,463.66,154.55333333333334,463.66,Medium
17418,2,463.46000000000004,231.73000000000002,463.46000000000004,Medium
14489,1,463.38,463.38,463.38,Medium
17964,2,463.21,231.605,463.21,Medium
12945,1,462.95,462.95,462.95,Medium
14331,2,462.66,231.33,462.66,Medium
14470,2,461.19,230.595,461.19,Medium
16824,2,460.64,230.32,460.64,Medium
16805,2,460.59000000000003,230.29500000000002,460.59000000000003,Medium
12491,1,460.40000000000003,460.40000000000003,460.40000000000003,Medium
12355,1,459.40000000000003,459.40000000000003,459.40000000000003,Medium
16589,3,459.24,153.08,459.24,Medium
17880,1,458.92,458.92,458.92,Medium
15754,3,458.57,152.85666666666665,458.56999999999994,Medium
13506,2,458.52,229.26,458.52,Medium
15092,2,457.81,228.905,457.81,Medium
15121,2,457.72,228.86,457.72,Medium
12375,2,457.5,228.75,457.5,Medium
13398,1,457.34000000000003,457.34000000000003,457.34000000000003,Medium
12564,1,456.90000000000003,456.90000000000003,456.90000000000003,Medium
12999,3,455.88,151.96,455.88,Medium
14513,3,455.59000000000003,151.86333333333334,455.59000000000003,Medium
15585,1,455.3,455.3,455.3,Medium
16529,1,455.25,455.25,455.25,Medium
14335,2,454.86,227.43,454.86,Medium
15471,1,454.48,454.48,454.48,Medium
13485,1,454.24,454.24,454.24,Medium
17140,1,454.12,454.12,454.12,Medium
15475,1,454.11,454.11,454.11,Medium
17564,3,454.01,151.33666666666667,454.01,Medium
18158,2,453.4,226.7,453.4,Medium
12729,1,453.01,453.01,453.01,Medium
18071,2,453.0,226.5,453.0,Medium
14184,1,452.89,452.89,452.89,Medium
12591,1,452.84999999999997,452.84999999999997,452.84999999999997,Medium
16574,1,451.44,451.44,451.44,Medium
15802,1,451.42,451.42,451.42,Medium
14173,4,450.84,112.71,450.84,Medium
16885,3,450.41,150.13666666666668,450.4100000000001,Medium
17040,1,449.73,449.73,449.73,Medium
13489,4,449.52,112.38,449.52,Medium
12448,1,449.45,449.45,449.45,Medium
15739,1,449.12,449.12,449.12,Medium
17579,3,448.90000000000003,149.63333333333335,448.9000000000001,Medium
14780,2,447.68,223.84,447.68,Medium
15646,3,447.64000000000004,149.21333333333334,447.64,Medium
15368,1,446.94000000000005,446.94000000000005,446.94000000000005,Medium
14149,1,446.62,446.62,446.62,Medium
17370,4,446.18,111.545,446.18,Medium
17190,2,444.74,222.37,444.74,Medium
18006,1,444.68,444.68,444.68,Medium
14638,1,443.6,443.6,443.6,Medium
16404,1,443.05,443.05,443.05,Medium
18222,1,443.0,443.0,443.0,Medium
12579,1,440.42,440.42,440.42,Medium
18233,1,440.0,440.0,440.0,Medium
14022,1,440.0,440.0,440.0,Medium
15524,1,440.0,440.0,440.0,Medium
13954,2,439.92,219.96,439.92,Medium
12391,1,439.66,439.66,439.66,Medium
16025,1,439.65999999999997,439.65999999999997,439.65999999999997,Medium
13359,1,439.56,439.56,439.56,Medium
16968,2,439.43,219.715,439.43,Medium
13358,1,439.03000000000003,439.03000000000003,439.03000000000003,Medium
14272,2,437.96,218.98,437.96,Medium
12552,2,437.82,218.91,437.82,Medium
16034,3,437.70000000000005,145.9,437.70000000000005,Medium
12592,2,437.6,218.8,437.6,Medium
16084,1,436.18,436.18,436.18,Medium
15551,1,436.06,436.06,436.06,Medium
16948,3,435.02,145.00666666666666,435.02,Medium
15456,3,434.59,144.86333333333332,434.5899999999999,Medium
14910,4,434.35,108.5875,434.35,Medium
14460,3,434.34,144.78,434.34000000000003,Medium
14093,1,433.86,433.86,433.86,Medium
12493,2,433.74,216.87,433.74,Medium
17035,2,433.53000000000003,216.76500000000001,433.53000000000003,Medium
16236,1,432.2,432.2,432.2,Medium
16881,1,432.0,432.0,432.0,Medium
12452,2,430.57000000000005,215.28500000000003,430.57000000000005,Medium
13245,1,430.5,430.5,430.5,Medium
12795,1,430.48,430.48,430.48,Medium
12827,3,430.15,143.38333333333333,430.15,Medium
15450,1,429.84,429.84,429.84,Medium
16884,2,429.84,214.92,429.84,Medium
15230,2,429.6,214.8,429.6,Medium
15036,3,429.56,143.18666666666667,429.56,Medium
15553,1,428.93,428.93,428.93,Medium
13602,1,428.89,428.89,428.89,Medium
15957,1,428.89,428.89,428.89,Medium
17869,5,428.18,85.636,428.17999999999995,Medium
15360,1,427.93,427.93,427.93,Medium
12725,1,427.8,427.8,427.8,Medium
12403,1,427.7,427.7,427.7,Medium
15976,2,427.64,213.82,427.64,Medium
12740,1,427.6,427.6,427.6,Medium
12802,1,427.58,427.58,427.58,Medium
15930,1,426.63,426.63,426.63,Medium
14288,1,426.6,426.6,426.6,Medium
15639,1,425.32,425.32,425.32,Medium
14157,2,424.89000000000004,212.44500000000002,424.89000000000004,Medium
16119,2,423.36,211.68,423.36,Medium
17525,1,422.7,422.7,422.7,Medium
13473,2,422.64,211.32,422.64,Medium
16689,2,422.6,211.3,422.6,Medium
18240,1,422.58,422.58,422.58,Medium
13140,3,422.47,140.82333333333335,422.47,Medium
16780,2,422.24,211.12,422.24,Medium
18106,1,421.9,421.9,421.9,Medium
14757,1,420.5,420.5,420.5,Medium
15206,4,420.3,105.075,420.3,Medium
15889,2,420.07,210.035,420.07,Medium
14124,1,419.58,419.58,419.58,Medium
15361,1,418.92,418.92,418.92,Medium
18034,2,418.68,209.34,418.68,Medium
17371,3,418.4,139.46666666666667,418.4,Medium
12593,3,418.1,139.36666666666667,418.1,Medium
17701,1,417.95,417.95,417.95,Medium
17232,2,417.77,208.885,417.77,Medium
13615,1,417.69,417.69,417.69,Medium
16737,1,417.6,417.6,417.6,Medium
12833,1,417.38,417.38,417.38,Medium
17392,2,417.27,208.635,417.27,Medium
13166,1,417.2,417.2,417.2,Medium
16816,4,417.06,104.265,417.06,Medium
13889,1,416.90000000000003,416.90000000000003,416.90000000000003,Medium
17223,2,416.89,208.445,416.89,Medium
15935,2,416.86,208.43,416.86,Medium
16957,2,416.64,208.32,416.64,Medium
13085,2,416.08,208.04,416.08,Medium
15803,1,415.82000000000005,415.82000000000005,415.82000000000005,Medium
14139,1,415.82,415.82,415.82,Medium
12930,2,415.8,207.9,415.8,Medium
12580,1,415.7,415.7,415.7,Medium
15725,1,415.25,415.25,415.25,Medium
14333,1,415.2,415.2,415.2,Medium
18001,2,415.13,207.565,415.13,Medium
16795,1,414.88,414.88,414.88,Medium
14998,2,414.87,207.435,414.87,Medium
12993,4,414.76,103.69,414.76,Medium
15994,1,414.27,414.27,414.27,Medium
16239,2,414.2,207.1,414.2,Medium
17483,3,414.04,138.01333333333335,414.0400000000001,Medium
13974,1,413.59000000000003,413.59000000000003,413.59000000000003,Medium
16834,1,413.46,413.46,413.46,Medium
17134,2,413.2,206.6,413.2,Medium
14620,2,412.78000000000003,206.39000000000001,412.78000000000003,Medium
15523,1,412.01000000000005,412.01000000000005,412.01000000000005,Medium
16272,1,411.7,411.7,411.7,Medium
15186,2,411.41,205.705,411.41,Medium
15099,1,410.48,410.48,410.48,Medium
15695,2,409.98,204.99,409.98,Medium
14048,1,409.93,409.93,409.93,Medium
13827,3,409.8,136.6,409.79999999999995,Medium
14348,1,409.57,409.57,409.57,Medium
12990,3,409.5,136.5,409.5,Medium
15225,1,409.40000000000003,409.40000000000003,409.40000000000003,Medium
16243,2,409.1,204.55,409.1,Medium
16018,2,408.9,204.45,408.9,Medium
15269,1,408.8,408.8,408.8,Medium
17913,2,408.65,204.325,408.65,Medium
16629,2,408.63,204.315,408.63,Medium
16324,3,408.59000000000003,136.1966666666667,408.59000000000003,Medium
17931,2,408.36,204.18,408.36,Medium
16399,2,408.02,204.01,408.02,Medium
15127,1,406.53000000000003,406.53000000000003,406.53000000000003,Medium
16947,1,406.48,406.48,406.48,Medium
15342,1,406.09000000000003,406.09000000000003,406.09000000000003,Medium
14616,3,406.08000000000004,135.36,406.08000000000004,Medium
12970,4,405.47,101.3675,405.47,Medium
12922,1,405.38,405.38,405.38,Medium
15012,2,405.04,202.52,405.04,Medium
15938,5,404.58000000000004,80.91600000000001,404.58000000000004,Medium
16319,1,404.40000000000003,404.40000000000003,404.40000000000003,Medium
16484,2,404.3,202.15,404.3,Medium
12498,3,403.70000000000005,134.5666666666667,403.70000000000005,Medium
17431,1,403.3,403.3,403.3,Medium
15221,1,403.25,403.25,403.25,Medium
18036,3,403.12,134.37333333333333,403.12,Medium
15184,2,402.2,201.1,402.2,Medium
12386,2,401.9,200.95,401.9,Medium
15158,1,401.40000000000003,401.40000000000003,401.40000000000003,Medium
16500,6,400.86,66.81,400.86,Medium
16198,1,400.68100000000004,400.68100000000004,400.68100000000004,Medium
12792,1,400.54,400.54,400.54,Medium
17375,3,400.1,133.36666666666667,400.1,Medium
18164,1,399.65,399.65,399.65,Medium
13255,2,399.51,199.755,399.51,Medium
18154,2,399.19,199.595,399.19,Medium
17052,1,399.09,399.09,399.09,Medium
17830,3,398.7,132.9,398.70000000000005,Medium
15522,2,397.99,198.995,397.99,Medium
13352,1,397.98,397.98,397.98,Medium
12508,2,397.88,198.94,397.88,Medium
15967,2,397.68,198.84,397.68,Medium
15429,2,397.35,198.675,397.35,Medium
17926,2,397.29,198.645,397.29,Medium
12824,1,397.12,397.12,397.12,Medium
13594,1,396.97,396.97,396.97,Medium
17486,1,396.87,396.87,396.87,Medium
15883,2,396.48,198.24,396.48,Medium
18067,1,396.33,396.33,396.33,Medium
16354,2,395.8,197.9,395.8,Medium
17603,1,394.72,394.72,394.72,Medium
14619,1,394.44,394.44,394.44,Medium
16207,1,394.38,394.38,394.38,Medium
15386,1,394.14,394.14,394.14,Medium
15264,1,393.74,393.74,393.74,Medium
15345,1,393.54,393.54,393.54,Medium
17226,1,393.49,393.49,393.49,Medium
14600,1,393.33000000000004,393.33000000000004,393.33000000000004,Medium
14670,2,392.86,196.43,392.86,Medium
16010,3,392.4,130.79999999999998,392.4,Medium
15837,1,391.98,391.98,391.98,Medium
16917,1,391.52,391.52,391.52,Medium
12982,1,390.54,390.54,390.54,Medium
18024,2,389.78,194.89,389.78,Medium
17379,1,389.71999999999997,389.71999999999997,389.71999999999997,Medium
14752,1,389.64000000000004,389.64000000000004,389.64000000000004,Medium
13873,3,389.6,129.86666666666667,389.6,Medium
13345,1,389.5,389.5,389.5,Medium
16250,2,389.44,194.72,389.44,Medium
15847,2,389.27,194.635,389.27,Medium
12690,1,389.01,389.01,389.01,Medium
15592,1,388.58,388.58,388.58,Medium
13899,2,388.52,194.26,388.52,Medium
13856,3,388.5,129.5,388.5,Medium
17438,1,388.45000000000005,388.45000000000005,388.45000000000005,Medium
14538,2,388.25,194.125,388.25,Medium
17817,3,387.68,129.22666666666666,387.67999999999995,Medium
14420,1,387.52,387.52,387.52,Medium
13673,2,387.44,193.72,387.44,Medium
17508,1,387.31,387.31,387.31,Medium
17595,2,386.69,193.345,386.69,Medium
14114,2,386.53,193.265,386.53,Medium
15664,1,386.43,386.43,386.43,Medium
17614,1,386.32,386.32,386.32,Medium
14779,3,386.15,128.71666666666667,386.15,Medium
13821,2,385.64,192.82,385.64,Medium
17711,2,385.1,192.55,385.1,Medium
13919,2,384.81,192.405,384.81,Medium
17357,2,384.39,192.195,384.39,Medium
16204,1,384.18,384.18,384.18,Medium
17205,1,384.08,384.08,384.08,Medium
16982,1,384.06,384.06,384.06,Medium
12733,1,383.95,383.95,383.95,Medium
13833,1,383.85,383.85,383.85,Medium
17189,2,383.75,191.875,383.75,Medium
12515,1,383.7,383.7,383.7,Medium
15440,3,383.68,127.89333333333333,383.68,Medium
14304,1,383.45,383.45,383.45,Medium
15424,2,383.34,191.67,383.34,Medium
12832,2,383.03000000000003,191.51500000000001,383.03000000000003,Medium
13817,2,382.98,191.49,382.98,Medium
17239,1,382.5,382.5,382.5,Medium
13657,2,382.14,191.07,382.14,Medium
17250,2,381.97,190.985,381.97,Medium
15090,1,381.32,381.32,381.32,Medium
16441,2,381.2,190.6,381.2,Medium
15048,4,381.0,95.25,381.0,Medium
12871,2,380.64,190.32,380.64,Medium
17573,3,380.6,126.86666666666667,380.6,Medium
17138,1,380.5,380.5,380.5,Medium
17999,2,380.39,190.195,380.39,Medium
17031,2,380.35,190.175,380.35,Medium
17936,1,380.13,380.13,380.13,Medium
14731,3,380.02,126.67333333333333,380.02,Medium
16552,2,379.73,189.865,379.73,Medium
13656,2,379.65,189.825,379.65,Medium
13589,2,379.65,189.825,379.65,Medium
17878,1,379.45,379.45,379.45,Medium
15885,3,379.35,126.45,379.35,Medium
16909,1,379.14,379.14,379.14,Medium
16930,3,378.89,126.29666666666667,378.89,Medium
13372,1,378.64,378.64,378.64,Medium
17078,2,378.2,189.1,378.2,Medium
17736,3,377.44,125.81333333333333,377.44,Medium
12890,1,376.71999999999997,376.71999999999997,376.71999999999997,Medium
17489,2,376.64,188.32,376.64,Medium
13936,1,376.58,376.58,376.58,Medium
16858,1,375.69000000000005,375.69000000000005,375.69000000000005,Medium
14448,2,375.35,187.675,375.35,Medium
14079,1,375.1,375.1,375.1,Medium
16147,1,375.0,375.0,375.0,Medium
14067,2,374.7,187.35,374.7,Medium
17492,1,374.57,374.57,374.57,Medium
12873,1,374.0,374.0,374.0,Medium
13351,1,373.94,373.94,373.94,Medium
16321,5,373.65000000000003,74.73,373.65000000000003,Medium
12895,2,372.8,186.4,372.8,Medium
12544,1,372.7,372.7,372.7,Medium
12981,2,372.21999999999997,186.10999999999999,372.21999999999997,Medium
13300,1,371.89,371.89,371.89,Medium
18155,3,371.62,123.87333333333333,371.62,Medium
15472,1,371.56,371.56,371.56,Medium
16776,1,371.54,371.54,371.54,Medium
14950,1,371.2,371.2,371.2,Medium
15975,1,371.01,371.01,371.01,Medium
15063,1,370.79999999999995,370.79999999999995,370.79999999999995,Medium
15922,1,369.5,369.5,369.5,Medium
16758,1,369.34000000000003,369.34000000000003,369.34000000000003,Medium
14888,1,369.2,369.2,369.2,Medium
17765,3,367.63,122.54333333333334,367.63,Medium
16065,1,367.14,367.14,367.14,Medium
18181,1,366.85,366.85,366.85,Medium
17911,1,366.23,366.23,366.23,Medium
17432,2,365.76,182.88,365.76,Medium
16499,2,365.45,182.725,365.45,Medium
16202,1,365.27,365.27,365.27,Medium
14886,1,364.8,364.8,364.8,Medium
15949,2,364.72,182.36,364.72,Medium
12373,1,364.6,364.6,364.6,Medium
15343,1,364.5,364.5,364.5,Medium
14528,1,364.21999999999997,364.21999999999997,364.21999999999997,Medium
12538,1,363.95,363.95,363.95,Medium
17330,2,363.9,181.95,363.9,Medium
14171,1,363.79,363.79,363.79,Medium
16509,1,363.70000000000005,363.70000000000005,363.70000000000005,Medium
12915,2,363.65,181.825,363.65,Medium
16485,1,363.65,363.65,363.65,Medium
18056,1,363.65,363.65,363.65,Medium
14932,1,363.53,363.53,363.53,Medium
14427,2,363.34000000000003,181.67000000000002,363.34000000000003,Medium
14594,2,363.33,181.665,363.33,Medium
16903,1,363.2,363.2,363.2,Medium
16378,3,362.95,120.98333333333333,362.95,Medium
16052,1,362.06,362.06,362.06,Medium
15025,1,361.96,361.96,361.96,Medium
13844,1,361.62,361.62,361.62,Medium
16769,1,361.54,361.54,361.54,Medium
16305,1,361.22,361.22,361.22,Medium
13291,1,361.11,361.11,361.11,Medium
17358,2,360.81,180.405,360.81,Medium
16595,1,360.16,360.16,360.16,Medium
13780,2,360.01,180.005,360.01,Medium
13298,1,360.0,360.0,360.0,Medium
15120,1,358.82,358.82,358.82,Medium
17948,1,358.56000000000006,358.56000000000006,358.56000000000006,Medium
16823,1,358.38,358.38,358.38,Medium
13228,1,358.0,358.0,358.0,Medium
13976,1,357.98,357.98,357.98,Medium
17025,3,357.77,119.25666666666666,357.77,Medium
16971,1,357.21,357.21,357.21,Medium
18040,2,357.20000000000005,178.60000000000002,357.20000000000005,Medium
13453,2,356.98,178.49,356.98,Medium
14500,3,356.85,118.95,356.85,Medium
15713,2,356.7,178.35,356.7,Medium
15247,1,356.0,356.0,356.0,Medium
16372,2,355.73,177.865,355.73,Medium
15840,2,355.56,177.78,355.56,Medium
14537,1,355.56,355.56,355.56,Medium
17742,2,355.11,177.555,355.11,Medium
14690,2,355.05,177.525,355.05,Medium
12888,2,354.12,177.06,354.12,Medium
12845,4,354.09000000000003,88.52250000000001,354.09000000000003,Medium
13173,2,353.65000000000003,176.82500000000002,353.65000000000003,Medium
13210,1,353.48,353.48,353.48,Medium
13343,1,353.43,353.43,353.43,Medium
14804,1,353.27,353.27,353.27,Medium
12617,1,352.98,352.98,352.98,Medium
15678,1,352.7,352.7,352.7,Medium
18112,2,352.69,176.345,352.69,Medium
16274,1,351.75,351.75,351.75,Medium
15901,3,351.73,117.24333333333334,351.73,Medium
12566,1,351.65,351.65,351.65,Medium
15870,1,351.44,351.44,351.44,Medium
15789,1,351.3,351.3,351.3,Medium
13923,1,351.13,351.13,351.13,Medium
13332,1,350.90000000000003,350.90000000000003,350.90000000000003,Medium
15334,3,350.82,116.94,350.82,Medium
13740,1,350.75,350.75,350.75,Medium
13108,1,350.06,350.06,350.06,Medium
12532,1,349.83000000000004,349.83000000000004,349.83000000000004,Medium
13670,1,349.7,349.7,349.7,Medium
13887,1,349.55,349.55,349.55,Medium
18250,1,349.27,349.27,349.27,Medium
15405,1,349.1,349.1,349.1,Medium
13927,1,348.99,348.99,348.99,Medium
17252,2,348.90999999999997,174.45499999999998,348.90999999999997,Medium
13790,1,348.79999999999995,348.79999999999995,348.79999999999995,Medium
12527,3,348.71000000000004,116.23666666666668,348.71000000000004,Medium
16159,1,348.2,348.2,348.2,Medium
13052,1,348.15000000000003,348.15000000000003,348.15000000000003,Medium
14379,2,348.1,174.05,348.1,Medium
13497,2,348.05,174.025,348.05,Medium
17668,2,347.75,173.875,347.75,Medium
18127,3,347.08,115.69333333333333,347.08,Medium
13062,1,346.98,346.98,346.98,Medium
13649,2,346.6,173.3,346.6,Medium
16423,1,346.12,346.12,346.12,Medium
13091,1,345.82,345.82,345.82,Medium
15781,3,345.46000000000004,115.15333333333335,345.46000000000004,Medium
17123,1,345.3,345.3,345.3,Medium
13774,1,345.0,345.0,345.0,Medium
14633,1,344.90000000000003,344.90000000000003,344.90000000000003,Medium
16978,1,344.33,344.33,344.33,Medium
17569,1,344.14,344.14,344.14,Medium
13068,2,344.0,172.0,344.0,Medium
15047,1,343.62,343.62,343.62,Medium
15520,1,343.5,343.5,343.5,Medium
18081,3,343.45,114.48333333333333,343.45,Medium
12715,1,343.36,343.36,343.36,Medium
12875,2,343.2300000000001,171.61500000000004,343.2300000000001,Medium
17795,2,342.83,171.415,342.83,Medium
16851,3,342.45,114.14999999999999,342.45,Medium
17835,3,342.24,114.08,342.24,Medium
16826,1,341.7,341.7,341.7,Medium
13347,1,341.36,341.36,341.36,Medium
14491,2,340.93,170.465,340.93,Medium
15115,1,340.11,340.11,340.11,Medium
13737,1,339.6,339.6,339.6,Medium
17045,3,339.44,113.14666666666666,339.44,Medium
16545,1,339.3,339.3,339.3,Medium
17697,1,338.95,338.95,338.95,Medium
16183,1,338.71000000000004,338.71000000000004,338.71000000000004,Medium
13569,2,338.62,169.31,338.62,Medium
15652,1,337.74,337.74,337.74,Medium
15942,1,337.44,337.44,337.44,Medium
13930,2,337.34,168.67,337.34,Medium
15900,1,337.28000000000003,337.28000000000003,337.28000000000003,Medium
17973,1,337.04,337.04,337.04,Medium
16105,1,336.96,336.96,336.96,Medium
17384,2,336.4,168.2,336.4,Medium
15619,1,336.4,336.4,336.4,Medium
18078,2,336.13,168.065,336.13,Medium
18276,1,335.86,335.86,335.86,Medium
14196,1,335.52,335.52,335.52,Medium
16063,1,335.32,335.32,335.32,Medium
17917,3,335.03,111.67666666666666,335.03,Medium
12489,1,334.93,334.93,334.93,Medium
14988,1,334.54,334.54,334.54,Medium
15466,1,334.53,334.53,334.53,Medium
17221,2,334.48,167.24,334.48,Medium
12350,1,334.40000000000003,334.40000000000003,334.40000000000003,Medium
15918,2,334.23,167.115,334.23,Medium
14264,2,333.97,166.985,333.97,Medium
13216,1,333.74,333.74,333.74,Medium
13727,2,333.48,166.74,333.48,Medium
16625,1,333.08,333.08,333.08,Medium
14902,1,332.66,332.66,332.66,Medium
13904,2,332.64,166.32,332.64,Medium
16850,1,332.41,332.41,332.41,Medium
16803,1,332.3,332.3,332.3,Medium
16177,1,331.95,331.95,331.95,Medium
16030,1,331.24,331.24,331.24,Medium
15210,1,331.18,331.18,331.18,Medium
16478,3,331.0,110.33333333333333,331.0,Medium
12891,3,331.0,110.33333333333333,331.0,Medium
17862,1,330.9,330.9,330.9,Medium
12519,1,330.84000000000003,330.84000000000003,330.84000000000003,Medium
13706,1,330.79,330.79,330.79,Medium
14517,2,330.45,165.225,330.45,Medium
15130,1,330.11,330.11,330.11,Medium
15714,2,330.03000000000003,165.01500000000001,330.03000000000003,Medium
16593,3,330.03,110.00999999999999,330.03,Medium
12953,1,329.85,329.85,329.85,Medium
17866,1,329.65000000000003,329.65000000000003,329.65000000000003,Medium
17615,3,329.6,109.86666666666667,329.6,Medium
13239,1,329.56,329.56,329.56,Medium
17914,1,329.36,329.36,329.36,Medium
17154,1,329.34,329.34,329.34,Medium
15153,1,329.25,329.25,329.25,Medium
15880,1,329.03,329.03,329.03,Medium
14012,1,328.8,328.8,328.8,Medium
17222,1,328.65,328.65,328.65,Medium
16343,2,328.58,164.29,328.58,Medium
16855,2,328.40000000000003,164.20000000000002,328.40000000000003,Medium
15213,2,328.35,164.175,328.35,Medium
14747,1,328.2,328.2,328.2,Medium
14206,1,328.15999999999997,328.15999999999997,328.15999999999997,Medium
16318,1,328.15000000000003,328.15000000000003,328.15000000000003,Medium
15314,1,327.97,327.97,327.97,Medium
14024,2,327.7,163.85,327.7,Medium
15579,2,327.6,163.8,327.6,Medium
16366,1,327.3,327.3,327.3,Medium
14870,1,327.25,327.25,327.25,Medium
16322,2,326.75,163.375,326.75,Medium
14987,2,326.4,163.2,326.4,Medium
17715,1,326.4,326.4,326.4,Medium
16071,1,326.24,326.24,326.24,Medium
15363,1,326.0,326.0,326.0,Medium
12844,2,325.96000000000004,162.98000000000002,325.96000000000004,Medium
16830,1,325.91,325.91,325.91,Medium
14850,1,325.75,325.75,325.75,Medium
15944,1,325.1,325.1,325.1,Medium
12790,1,324.92,324.92,324.92,Medium
13801,1,324.8,324.8,324.8,Medium
15597,1,324.57,324.57,324.57,Medium
16685,2,324.24,162.12,324.24,Medium
18261,2,324.24,162.12,324.24,Medium
15675,3,323.69,107.89666666666666,323.69,Medium
15921,1,323.03000000000003,323.03000000000003,323.03000000000003,Medium
16739,1,323.0,323.0,323.0,Medium
13955,2,322.96,161.48,322.96,Medium
16627,1,322.8,322.8,322.8,Medium
16342,4,322.41,80.6025,322.41,Medium
14424,1,322.08,322.08,322.08,Medium
15224,2,322.08,161.04,322.08,Medium
14484,1,321.92,321.92,321.92,Medium
17976,1,321.79,321.79,321.79,Medium
14823,3,321.43,107.14333333333333,321.43,Medium
15236,1,321.05,321.05,321.05,Medium
16096,1,320.62,320.62,320.62,Medium
14622,1,320.58000000000004,320.58000000000004,320.58000000000004,Medium
13986,1,320.46,320.46,320.46,Medium
15107,6,319.5,53.25,319.5,Medium
16967,1,319.02,319.02,319.02,Medium
17157,2,319.0,159.5,319.0,Medium
17229,2,318.76,159.38,318.76,Medium
17248,1,318.65,318.65,318.65,Medium
14703,1,318.17,318.17,318.17,Medium
17839,1,318.15,318.15,318.15,Medium
12648,1,318.05,318.05,318.05,Medium
18066,1,318.0,318.0,318.0,Medium
17172,1,317.76,317.76,317.76,Medium
15101,2,317.53000000000003,158.76500000000001,317.53000000000003,Medium
17267,2,317.2,158.6,317.2,Medium
15257,1,317.15,317.15,317.15,Medium
15385,1,316.88,316.88,316.88,Medium
15243,1,316.68,316.68,316.68,Medium
16761,1,316.62,316.62,316.62,Medium
15204,1,316.58,316.58,316.58,Medium
17458,1,316.5,316.5,316.5,Medium
13494,1,316.26000000000005,316.26000000000005,316.26000000000005,Medium
14479,2,316.25,158.125,316.25,Medium
15872,2,316.25,158.125,316.25,Medium
16473,3,316.11,105.37,316.11,Medium
18117,1,315.65,315.65,315.65,Medium
12614,1,315.6,315.6,315.6,Medium
15766,1,315.06,315.06,315.06,Medium
16091,2,315.06,157.53,315.06,Medium
17237,2,314.69,157.345,314.69,Medium
16193,1,314.45,314.45,314.45,Medium
12650,1,314.44,314.44,314.44,Medium
16227,1,314.22,314.22,314.22,Medium
15970,1,314.09999999999997,314.09999999999997,314.09999999999997,Medium
13484,1,313.8,313.8,313.8,Medium
16582,1,313.62,313.62,313.62,Medium
14729,1,313.49,313.49,313.49,Medium
13845,1,312.98,312.98,312.98,Medium
15318,1,312.62,312.62,312.62,Medium
14555,2,312.54,156.27,312.54,Medium
12834,1,312.38,312.38,312.38,Medium
13642,1,312.28,312.28,312.28,Medium
17362,2,312.23,156.115,312.23,Medium
12785,1,311.95,311.95,311.95,Medium
16450,1,311.92,311.92,311.92,Medium
14142,1,311.81,311.81,311.81,Medium
15326,1,311.71,311.71,311.71,Medium
14951,1,311.69,311.69,311.69,Medium
14327,1,311.65000000000003,311.65000000000003,311.65000000000003,Medium
12852,1,311.55,311.55,311.55,Medium
13990,1,311.3,311.3,311.3,Medium
17854,2,311.26,155.63,311.26,Medium
16781,1,311.25,311.25,311.25,Medium
13897,1,311.16,311.16,311.16,Medium
15185,1,310.62,310.62,310.62,Medium
15308,1,310.47,310.47,310.47,Medium
14311,1,310.26,310.26,310.26,Medium
17912,5,310.06,62.012,310.06,Medium
14924,1,310.05,310.05,310.05,Medium
15661,2,309.8,154.9,309.8,Medium
15699,1,309.65,309.65,309.65,Medium
16810,1,309.54,309.54,309.54,Medium
14339,1,309.52000000000004,309.52000000000004,309.52000000000004,Medium
14847,1,309.40000000000003,309.40000000000003,309.40000000000003,Medium
17604,2,309.36,154.68,309.36,Medium
12884,1,309.05,309.05,309.05,Medium
13787,2,309.04,154.52,309.04,Medium
15010,1,308.94,308.94,308.94,Medium
16956,1,308.74,308.74,308.74,Medium
13699,1,308.58000000000004,308.58000000000004,308.58000000000004,Medium
17510,1,308.48,308.48,308.48,Medium
13369,1,308.28000000000003,308.28000000000003,308.28000000000003,Medium
13466,1,307.90000000000003,307.90000000000003,307.90000000000003,Medium
15973,1,307.82000000000005,307.82000000000005,307.82000000000005,Medium
16123,1,307.78000000000003,307.78000000000003,307.78000000000003,Medium
13529,2,307.76,153.88,307.76,Medium
13395,1,307.72,307.72,307.72,Medium
13060,1,307.53000000000003,307.53000000000003,307.53000000000003,Medium
14716,2,307.51,153.755,307.51,Medium
14915,2,307.48,153.74,307.48,Medium
17120,1,307.46,307.46,307.46,Medium
13932,1,307.4,307.4,307.4,Medium
13142,1,307.09000000000003,307.09000000000003,307.09000000000003,Medium
17334,2,307.02000000000004,153.51000000000002,307.02000000000004,Medium
15087,1,306.94,306.94,306.94,Medium
16668,6,306.72,51.120000000000005,306.72,Medium
13762,1,306.72,306.72,306.72,Medium
13718,2,306.55,153.275,306.55,Medium
18059,3,306.46,102.15333333333332,306.46,Low
15659,1,306.45,306.45,306.45,Low
17176,1,306.13,306.13,306.13,Low
13863,1,305.78,305.78,305.78,Low
15219,1,305.75,305.75,305.75,Low
16796,1,305.62,305.62,305.62,Low
16181,1,305.54,305.54,305.54,Low
13045,1,305.28000000000003,305.28000000000003,305.28000000000003,Low
18220,1,305.28,305.28,305.28,Low
12623,1,305.1,305.1,305.1,Low
17941,1,304.56,304.56,304.56,Low
15163,2,304.47,152.235,304.47,Low
16217,2,304.25,152.125,304.25,Low
18185,1,304.25,304.25,304.25,Low
17070,1,304.24,304.24,304.24,Low
16674,2,304.24,152.12,304.24,Low
17732,1,303.97,303.97,303.97,Low
16400,1,303.93,303.93,303.93,Low
13083,2,303.75,151.875,303.75,Low
17433,1,303.16,303.16,303.16,Low
16425,1,302.7,302.7,302.7,Low
14248,1,302.58,302.58,302.58,Low
16386,2,302.57,151.285,302.57,Low
18165,1,302.46,302.46,302.46,Low
16292,1,302.25,302.25,302.25,Low
17506,1,302.2,302.2,302.2,Low
15054,2,302.1,151.05,302.1,Low
17094,1,302.0,302.0,302.0,Low
16297,1,301.9,301.9,301.9,Low
16715,1,301.71999999999997,301.71999999999997,301.71999999999997,Low
15667,1,301.32000000000005,301.32000000000005,301.32000000000005,Low
15148,1,301.29,301.29,301.29,Low
15623,1,301.03000000000003,301.03000000000003,301.03000000000003,Low
13479,2,300.95,150.475,300.95,Low
17978,1,300.91999999999996,300.91999999999996,300.91999999999996,Low
16430,1,300.85,300.85,300.85,Low
16479,2,300.83,150.415,300.83,Low
14762,1,300.52,300.52,300.52,Low
13304,1,300.42,300.42,300.42,Low
15254,1,300.36,300.36,300.36,Low
17793,1,300.34,300.34,300.34,Low
13745,1,300.04,300.04,300.04,Low
18053,1,300.02,300.02,300.02,Low
18215,1,299.34000000000003,299.34000000000003,299.34000000000003,Low
13667,1,299.05,299.05,299.05,Low
15609,1,298.48,298.48,298.48,Low
17824,1,298.4,298.4,298.4,Low
16104,1,298.21,298.21,298.21,Low
17678,1,298.11,298.11,298.11,Low
12881,1,298.0,298.0,298.0,Low
15857,1,297.0,297.0,297.0,Low
17531,1,296.7,296.7,296.7,Low
13441,1,296.64,296.64,296.64,Low
17266,3,296.58,98.86,296.58,Low
13751,1,296.25,296.25,296.25,Low
13504,1,295.93,295.93,295.93,Low
16998,4,295.0,73.75,295.0,Low
14954,1,294.85,294.85,294.85,Low
15060,4,294.25,73.5625,294.25,Low
17124,1,294.24,294.24,294.24,Low
15732,2,294.12,147.06,294.12,Low
16402,2,293.45,146.725,293.45,Low
17163,2,293.1,146.55,293.1,Low
12829,2,293.0,146.5,293.0,Low
16721,1,292.47,292.47,292.47,Low
14985,2,292.01,146.005,292.01,Low
13502,3,292.0,97.33333333333333,292.0,Low
13449,1,291.88,291.88,291.88,Low
17255,2,291.48,145.74,291.48,Low
14656,2,291.05,145.525,291.05,Low
14947,2,290.82,145.41,290.82,Low
16648,1,290.66,290.66,290.66,Low
15279,1,290.51,290.51,290.51,Low
17691,2,290.40000000000003,145.20000000000002,290.40000000000003,Low
16526,1,290.36,290.36,290.36,Low
17551,1,290.34,290.34,290.34,Low
13573,2,290.25,145.125,290.25,Low
14784,2,289.99,144.995,289.99,Low
17464,1,289.96000000000004,289.96000000000004,289.96000000000004,Low
17201,1,289.78000000000003,289.78000000000003,289.78000000000003,Low
16897,2,289.78,144.89,289.78,Low
14162,2,289.36,144.68,289.36,Low
16125,1,289.35,289.35,289.35,Low
14549,1,289.24,289.24,289.24,Low
15545,2,288.96999999999997,144.48499999999999,288.96999999999997,Low
17081,2,288.91,144.455,288.91,Low
17501,2,288.6,144.3,288.6,Low
16808,2,288.42,144.21,288.42,Low
15396,1,288.18,288.18,288.18,Low
17977,1,288.14,288.14,288.14,Low
17080,2,287.62,143.81,287.62,Low
17760,2,287.59,143.795,287.59,Low
16432,1,287.40000000000003,287.40000000000003,287.40000000000003,Low
13760,2,286.79,143.395,286.79,Low
16555,2,285.89,142.945,285.89,Low
14660,2,285.74,142.87,285.74,Low
14953,1,285.67,285.67,285.67,Low
17636,1,285.56,285.56,285.56,Low
13708,1,285.33,285.33,285.33,Low
16429,1,284.55,284.55,284.55,Low
18190,2,284.46000000000004,142.23000000000002,284.46000000000004,Low
13121,1,283.73,283.73,283.73,Low
13439,1,283.71,283.71,283.71,Low
12703,1,283.55,283.55,283.55,Low
17783,2,283.47,141.735,283.47,Low
13259,1,283.18,283.18,283.18,Low
18270,2,283.15000000000003,141.57500000000002,283.15000000000003,Low
17694,1,283.12,283.12,283.12,Low
14350,1,282.93,282.93,282.93,Low
13754,2,282.6,141.3,282.6,Low
13177,1,282.45,282.45,282.45,Low
16557,2,281.85,140.925,281.85,Low
16848,1,281.42,281.42,281.42,Low
14242,2,280.55,140.275,280.55,Low
16149,2,280.52,140.26,280.52,Low
17247,1,280.09000000000003,280.09000000000003,280.09000000000003,Low
14975,1,279.94,279.94,279.94,Low
15556,1,279.77,279.77,279.77,Low
14480,1,279.05,279.05,279.05,Low
14764,1,278.3,278.3,278.3,Low
14908,1,277.8,277.8,277.8,Low
13803,1,277.07,277.07,277.07,Low
15355,2,277.05,138.525,277.05,Low
13606,3,276.75,92.25,276.75,Low
13272,2,276.56,138.28,276.56,Low
13544,2,276.06,138.03,276.06,Low
12750,1,275.88,275.88,275.88,Low
14512,2,275.28,137.64,275.28,Low
16313,2,274.15000000000003,137.07500000000002,274.15000000000003,Low
16883,2,272.48,136.24,272.48,Low
17498,1,272.21999999999997,272.21999999999997,272.21999999999997,Low
14819,2,272.07,136.035,272.07,Low
13917,2,272.04,136.02,272.04,Low
14816,1,271.85,271.85,271.85,Low
13058,3,271.40000000000003,90.46666666666668,271.40000000000003,Low
17767,1,271.2,271.2,271.2,Low
17254,2,271.19,135.595,271.19,Low
17496,1,271.05,271.05,271.05,Low
18108,1,271.0,271.0,271.0,Low
17011,1,270.9,270.9,270.9,Low
15774,1,270.8,270.8,270.8,Low
14520,2,270.6,135.3,270.6,Low
13242,3,270.40000000000003,90.13333333333334,270.40000000000003,Low
12558,1,269.96,269.96,269.96,Low
17251,1,269.83,269.83,269.83,Low
13533,3,269.09,89.69666666666666,269.09,Low
14727,1,268.58,268.58,268.58,Low
14508,2,268.05,134.025,268.05,Low
15408,1,267.18,267.18,267.18,Low
17550,3,267.16,89.05333333333334,267.16,Low
15320,1,267.13,267.13,267.13,Low
15517,1,267.03,267.03,267.03,Low
16451,1,266.97,266.97,266.97,Low
17786,2,266.85,133.425,266.85,Low
14863,1,266.76,266.76,266.76,Low
13837,2,266.59000000000003,133.29500000000002,266.59000000000003,Low
15119,1,266.4,266.4,266.4,Low
12962,2,266.39,133.195,266.39,Low
14068,1,265.85,265.85,265.85,Low
17430,2,265.76,132.88,265.76,Low
14423,1,265.2,265.2,265.2,Low
17968,1,265.1,265.1,265.1,Low
13973,1,264.7,264.7,264.7,Low
15912,2,264.62,132.31,264.62,Low
17403,1,263.92,263.92,263.92,Low
17708,2,263.33,131.665,263.33,Low
12492,2,263.21000000000004,131.60500000000002,263.21000000000004,Low
17194,2,262.62,131.31,262.62,Low
16413,1,262.2,262.2,262.2,Low
16936,1,261.9,261.9,261.9,Low
13189,2,260.68,130.34,260.68,Low
14053,2,260.25,130.125,260.25,Low
15143,1,259.45,259.45,259.45,Low
13127,1,259.17,259.17,259.17,Low
14452,2,259.05,129.525,259.05,Low
15577,3,258.88,86.29333333333334,258.88,Low
13277,4,258.4,64.6,258.4,Low
15894,2,258.25,129.125,258.25,Low
13227,1,257.7,257.7,257.7,Low
15014,2,257.67,128.835,257.67,Low
13626,1,257.23,257.23,257.23,Low
16048,2,256.44,128.22,256.44,Low
12430,1,256.4,256.4,256.4,Low
13806,1,256.38,256.38,256.38,Low
16727,1,256.32,256.32,256.32,Low
17896,1,256.32,256.32,256.32,Low
17385,1,256.11,256.11,256.11,Low
16447,1,255.91,255.91,255.91,Low
14761,2,255.9,127.95,255.9,Low
15277,1,255.89999999999998,255.89999999999998,255.89999999999998,Low
14881,1,255.4,255.4,255.4,Low
16226,3,255.12,85.04,255.12,Low
15261,1,254.82,254.82,254.82,Low
15154,1,254.28,254.28,254.28,Low
12604,2,254.18,127.09,254.18,Low
14765,3,254.11,84.70333333333333,254.11,Low
15689,2,254.1,127.05,254.1,Low
12797,1,254.03,254.03,254.03,Low
15759,3,253.04000000000002,84.34666666666668,253.04000000000002,Low
15019,1,252.81,252.81,252.81,Low
15035,1,252.73000000000002,252.73000000000002,252.73000000000002,Low
13404,2,252.49,126.245,252.49,Low
15346,1,252.42000000000002,252.42000000000002,252.42000000000002,Low
13645,1,252.1,252.1,252.1,Low
13711,2,252.06,126.03,252.06,Low
16330,3,251.91,83.97,251.91,Low
16836,2,251.87,125.935,251.87,Low
17155,2,251.7,125.85,251.7,Low
16976,1,251.51999999999998,251.51999999999998,251.51999999999998,Low
14501,2,251.21,125.605,251.21,Low
13512,1,251.21,251.21,251.21,Low
16024,1,251.03,251.03,251.03,Low
13207,2,250.26000000000002,125.13000000000001,250.26000000000002,Low
16596,2,250.15,125.075,250.15,Low
17303,1,250.04,250.04,250.04,Low
15510,1,250.0,250.0,250.0,Low
17456,1,249.86,249.86,249.86,Low
16124,1,249.0,249.0,249.0,Low
13061,1,248.61,248.61,248.61,Low
16510,1,248.1,248.1,248.1,Low
15097,1,248.08,248.08,248.08,Low
13592,4,247.95999999999998,61.989999999999995,247.95999999999998,Low
18072,1,247.44,247.44,247.44,Low
18009,1,247.39,247.39,247.39,Low
13349,1,247.32,247.32,247.32,Low
14658,2,247.15,123.575,247.15,Low
15783,1,246.3,246.3,246.3,Low
17278,1,246.04000000000002,246.04000000000002,246.04000000000002,Low
16778,2,245.94,122.97,245.94,Low
17771,2,245.81,122.905,245.81,Low
12660,1,245.10000000000002,245.10000000000002,245.10000000000002,Low
15118,1,244.8,244.8,244.8,Low
16528,1,244.41,244.41,244.41,Low
17892,3,244.1,81.36666666666666,244.09999999999997,Low
17925,1,244.08,244.08,244.08,Low
13103,1,243.94,243.94,243.94,Low
16793,1,243.84,243.84,243.84,Low
18193,1,243.76,243.76,243.76,Low
13886,1,243.56,243.56,243.56,Low
15634,1,243.55,243.55,243.55,Low
17339,2,243.36,121.68,243.36,Low
16601,1,242.7,242.7,242.7,Low
16215,1,242.35,242.35,242.35,Low
15776,1,241.62,241.62,241.62,Low
14523,1,241.09,241.09,241.09,Low
16427,2,241.06,120.53,241.06,Low
17051,1,240.89,240.89,240.89,Low
15598,1,240.68,240.68,240.68,Low
15286,1,240.55,240.55,240.55,Low
13565,2,240.22,120.11,240.22,Low
17256,2,240.0,120.0,240.0,Low
17181,2,239.92000000000002,119.96000000000001,239.92000000000002,Low
15690,2,239.76,119.88,239.76,Low
13570,1,239.49,239.49,239.49,Low
17684,1,239.41,239.41,239.41,Low
16756,1,239.4,239.4,239.4,Low
12561,1,238.85,238.85,238.85,Low
12718,1,238.25,238.25,238.25,Low
17877,1,237.61,237.61,237.61,Low
14586,1,237.35999999999999,237.35999999999999,237.35999999999999,Low
15457,1,237.07,237.07,237.07,Low
12732,1,236.26000000000002,236.26000000000002,236.26000000000002,Low
16026,1,236.09,236.09,236.09,Low
14647,1,236.04000000000002,236.04000000000002,236.04000000000002,Low
13187,1,236.02,236.02,236.02,Low
14375,1,235.56,235.56,235.56,Low
15850,2,234.88,117.44,234.88,Low
15462,3,234.6,78.2,234.60000000000002,Low
14473,2,234.34,117.17,234.34,Low
17060,1,234.24,234.24,234.24,Low
16961,1,234.17000000000002,234.17000000000002,234.17000000000002,Low
12736,1,234.0,234.0,234.0,Low
13348,1,233.76000000000002,233.76000000000002,233.76000000000002,Low
16583,1,233.45,233.45,233.45,Low
16302,1,233.22,233.22,233.22,Low
13678,1,232.6,232.6,232.6,Low
18213,1,232.48000000000002,232.48000000000002,232.48000000000002,Low
16117,1,232.21,232.21,232.21,Low
17908,1,232.03,232.03,232.03,Low
14995,2,231.98000000000002,115.99000000000001,231.98000000000002,Low
15393,2,231.86,115.93,231.86,Low
17111,1,231.61,231.61,231.61,Low
16641,1,231.1,231.1,231.1,Low
18030,2,230.64999999999998,115.32499999999999,230.64999999999998,Low
16445,1,230.51,230.51,230.51,Low
17125,1,230.5,230.5,230.5,Low
13786,1,230.4,230.4,230.4,Low
16926,1,230.25,230.25,230.25,Low
13960,2,230.22,115.11,230.22,Low
12812,1,229.64000000000001,229.64000000000001,229.64000000000001,Low
13008,1,229.47,229.47,229.47,Low
15528,1,229.33,229.33,229.33,Low
14793,1,228.99,228.99,228.99,Low
17347,1,228.96,228.96,228.96,Low
13146,1,228.91,228.91,228.91,Low
13712,1,228.84,228.84,228.84,Low
13070,1,228.8,228.8,228.8,Low
17969,2,228.2,114.1,228.2,Low
16527,1,228.06,228.06,228.06,Low
14569,1,227.39,227.39,227.39,Low
17212,1,226.85,226.85,226.85,Low
13474,1,226.84,226.84,226.84,Low
17572,4,226.75000000000003,56.68750000000001,226.75000000000003,Low
18005,2,226.47,113.235,226.47,Low
17860,1,226.45000000000002,226.45000000000002,226.45000000000002,Low
16315,1,226.37,226.37,226.37,Low
16619,1,226.21,226.21,226.21,Low
17789,1,225.9,225.9,225.9,Low
12672,1,225.9,225.9,225.9,Low
14624,2,225.85,112.925,225.85,Low
12402,1,225.60000000000002,225.60000000000002,225.60000000000002,Low
16690,2,225.58,112.79,225.58,Low
14052,1,225.35999999999999,225.35999999999999,225.35999999999999,Low
15483,4,225.26,56.315,225.26,Low
16587,1,225.15,225.15,225.15,Low
14357,1,225.12,225.12,225.12,Low
17171,1,224.91,224.91,224.91,Low
15175,1,224.14,224.14,224.14,Low
16471,1,223.95000000000002,223.95000000000002,223.95000000000002,Low
16753,1,223.92000000000002,223.92000000000002,223.92000000000002,Low
14929,1,223.88,223.88,223.88,Low
13926,1,223.85000000000002,223.85000000000002,223.85000000000002,Low
15637,1,223.36,223.36,223.36,Low
17534,1,223.36,223.36,223.36,Low
13382,1,222.99,222.99,222.99,Low
16777,2,222.62,111.31,222.62,Low
18101,2,222.4,111.2,222.4,Low
14598,1,221.97,221.97,221.97,Low
14960,2,221.27,110.635,221.27,Low
13419,1,221.06,221.06,221.06,Low
16482,1,220.62,220.62,220.62,Low
13079,5,220.10000000000002,44.02,220.10000000000002,Low
18114,1,220.1,220.1,220.1,Low
13600,1,219.52,219.52,219.52,Low
15096,1,219.39000000000001,219.39000000000001,219.39000000000001,Low
12702,1,219.0,219.0,219.0,Low
15790,1,218.75,218.75,218.75,Low
13669,2,218.55,109.275,218.55,Low
12574,1,218.45000000000002,218.45000000000002,218.45000000000002,Low
15724,2,218.25,109.125,218.25,Low
14570,2,218.06,109.03,218.06,Low
16634,2,217.9,108.95,217.9,Low
16392,1,217.89000000000001,217.89000000000001,217.89000000000001,Low
15554,1,217.2,217.2,217.2,Low
16080,2,217.16,108.58,217.16,Low
13739,1,216.9,216.9,216.9,Low
13503,1,216.85,216.85,216.85,Low
12897,2,216.5,108.25,216.5,Low
15604,1,216.39000000000001,216.39000000000001,216.39000000000001,Low
17436,2,216.3,108.15,216.3,Low
14104,2,216.21,108.105,216.21,Low
13858,1,216.17000000000002,216.17000000000002,216.17000000000002,Low
18212,1,216.07,216.07,216.07,Low
16179,1,215.83,215.83,215.83,Low
17580,3,215.72,71.90666666666667,215.72,Low
16189,2,215.48,107.74,215.48,Low
16190,1,215.08,215.08,215.08,Low
16519,2,215.07999999999998,107.53999999999999,215.07999999999998,Low
12831,1,215.05,215.05,215.05,Low
12588,1,214.89999999999998,214.89999999999998,214.89999999999998,Low
16338,1,214.8,214.8,214.8,Low
17619,1,214.37,214.37,214.37,Low
16846,1,214.32,214.32,214.32,Low
15460,1,214.26,214.26,214.26,Low
16647,2,214.06,107.03,214.06,Low
14601,1,213.96,213.96,213.96,Low
13621,1,213.85,213.85,213.85,Low
17153,1,213.78,213.78,213.78,Low
14241,1,213.70000000000002,213.70000000000002,213.70000000000002,Low
13411,1,213.55,213.55,213.55,Low
16591,1,213.5,213.5,213.5,Low
15540,1,213.3,213.3,213.3,Low
17928,2,212.54,106.27,212.54,Low
15866,1,211.89,211.89,211.89,Low
16017,1,211.88,211.88,211.88,Low
16356,3,211.77,70.59,211.77,Low
16411,2,211.7,105.85,211.7,Low
15703,1,211.5,211.5,211.5,Low
13271,1,211.49,211.49,211.49,Low
12995,1,211.32,211.32,211.32,Low
13532,1,210.31,210.31,210.31,Low
13828,1,209.49,209.49,209.49,Low
17855,1,208.97,208.97,208.97,Low
15327,1,208.75,208.75,208.75,Low
17514,1,208.65,208.65,208.65,Low
15897,2,208.59,104.295,208.59,Low
16457,1,208.36,208.36,208.36,Low
12547,2,207.8,103.9,207.8,Low
18191,1,207.8,207.8,207.8,Low
16866,3,207.74,69.24666666666667,207.74,Low
15052,1,207.73000000000002,207.73000000000002,207.73000000000002,Low
16323,1,207.50000000000003,207.50000000000003,207.50000000000003,Low
17923,1,207.50000000000003,207.50000000000003,207.50000000000003,Low
16752,1,207.5,207.5,207.5,Low
13099,1,207.36,207.36,207.36,Low
15925,1,207.15,207.15,207.15,Low
15820,1,206.98,206.98,206.98,Low
17166,2,206.34,103.17,206.34,Low
14964,1,206.21,206.21,206.21,Low
13065,1,205.86,205.86,205.86,Low
17670,1,205.7,205.7,205.7,Low
17843,1,205.48,205.48,205.48,Low
15307,1,205.3,205.3,205.3,Low
15758,1,205.25,205.25,205.25,Low
13513,1,205.1,205.1,205.1,Low
15319,1,204.5,204.5,204.5,Low
17206,1,204.24,204.24,204.24,Low
18273,3,204.0,68.0,204.0,Low
13017,1,204.0,204.0,204.0,Low
17187,1,203.95,203.95,203.95,Low
17394,1,203.86999999999998,203.86999999999998,203.86999999999998,Low
17891,1,203.85999999999999,203.85999999999999,203.85999999999999,Low
17376,2,203.2,101.6,203.2,Low
14381,1,202.68,202.68,202.68,Low
18169,1,202.65,202.65,202.65,Low
14984,2,202.37,101.185,202.37,Low
16895,1,202.27,202.27,202.27,Low
14385,3,202.10999999999999,67.36999999999999,202.10999999999996,Low
13428,1,201.78,201.78,201.78,Low
15347,1,201.60000000000002,201.60000000000002,201.60000000000002,Low
17889,2,201.37,100.685,201.37,Low
13295,1,201.20000000000002,201.20000000000002,201.20000000000002,Low
13284,1,201.19,201.19,201.19,Low
16965,1,201.19,201.19,201.19,Low
13859,1,201.16,201.16,201.16,Low
17988,7,201.12,28.731428571428573,201.12,Low
18126,1,200.92,200.92,200.92,Low
17693,1,200.47,200.47,200.47,Low
13262,1,200.29,200.29,200.29,Low
16415,1,200.27,200.27,200.27,Low
15437,1,200.16,200.16,200.16,Low
13980,1,200.14,200.14,200.14,Low
14782,1,200.10000000000002,200.10000000000002,200.10000000000002,Low
13723,1,199.85000000000002,199.85000000000002,199.85000000000002,Low
15593,1,199.8,199.8,199.8,Low
13322,1,199.48000000000002,199.48000000000002,199.48000000000002,Low
16832,3,199.15,66.38333333333334,199.15000000000003,Low
18110,1,198.8,198.8,198.8,Low
17987,1,198.57,198.57,198.57,Low
16178,1,197.9,197.9,197.9,Low
12450,2,197.88,98.94,197.88,Low
12581,1,197.71,197.71,197.71,Low
14185,1,197.65,197.65,197.65,Low
14789,1,197.64,197.64,197.64,Low
16829,1,197.22,197.22,197.22,Low
15234,1,197.0,197.0,197.0,Low
12586,1,196.94000000000003,196.94000000000003,196.94000000000003,Low
13436,1,196.89,196.89,196.89,Low
15746,1,196.88,196.88,196.88,Low
13978,2,196.79,98.395,196.79,Low
16112,4,195.74,48.935,195.74,Low
13792,2,195.55,97.775,195.55,Low
17010,1,195.36,195.36,195.36,Low
14666,1,195.25,195.25,195.25,Low
15612,2,195.15,97.575,195.15,Low
17475,1,194.37,194.37,194.37,Low
15683,1,193.75,193.75,193.75,Low
15198,2,193.64,96.82,193.64,Low
17343,1,193.64,193.64,193.64,Low
16847,1,193.44,193.44,193.44,Low
17383,1,193.39000000000001,193.39000000000001,193.39000000000001,Low
14806,1,193.39000000000001,193.39000000000001,193.39000000000001,Low
14476,1,193.0,193.0,193.0,Low
12522,2,192.72,96.36,192.72,Low
12791,1,192.60000000000002,192.60000000000002,192.60000000000002,Low
14768,2,192.60000000000002,96.30000000000001,192.60000000000002,Low
16887,1,192.32999999999998,192.32999999999998,192.32999999999998,Low
17608,2,191.99,95.995,191.99,Low
14100,1,191.95,191.95,191.95,Low
15909,1,191.94,191.94,191.94,Low
14087,1,191.47,191.47,191.47,Low
15692,1,191.04,191.04,191.04,Low
17233,1,190.88,190.88,190.88,Low
15723,1,190.70000000000002,190.70000000000002,190.70000000000002,Low
13033,1,190.55,190.55,190.55,Low
15412,1,190.53,190.53,190.53,Low
13972,2,190.25,95.125,190.25,Low
12361,1,189.9,189.9,189.9,Low
13826,1,189.5,189.5,189.5,Low
13663,1,189.47,189.47,189.47,Low
14801,1,189.34,189.34,189.34,Low
14830,1,188.88,188.88,188.88,Low
14697,2,188.61,94.305,188.61,Low
17781,2,188.02,94.01,188.02,Low
17279,1,187.82999999999998,187.82999999999998,187.82999999999998,Low
18013,2,187.29,93.645,187.29,Low
13568,1,187.05,187.05,187.05,Low
17440,3,186.42000000000002,62.14000000000001,186.42000000000002,Low
13672,2,186.39000000000001,93.19500000000001,186.39000000000001,Low
14551,2,186.23,93.115,186.23,Low
15567,1,186.01,186.01,186.01,Low
12641,1,185.9,185.9,185.9,Low
17574,1,185.65,185.65,185.65,Low
14199,1,185.39999999999998,185.39999999999998,185.39999999999998,Low
16097,1,185.04999999999998,185.04999999999998,185.04999999999998,Low
13482,1,184.64000000000001,184.64000000000001,184.64000000000001,Low
17680,1,184.4,184.4,184.4,Low
16433,1,184.26,184.26,184.26,Low
15124,2,184.19,92.095,184.19,Low
14326,1,183.85,183.85,183.85,Low
16914,1,183.76,183.76,183.76,Low
16680,1,183.7,183.7,183.7,Low
14059,1,183.6,183.6,183.6,Low
13460,2,183.44,91.72,183.44,Low
13059,1,183.4,183.4,183.4,Low
14966,1,183.02,183.02,183.02,Low
16448,1,182.99,182.99,182.99,Low
14082,1,182.25,182.25,182.25,Low
16594,1,181.09,181.09,181.09,Low
15886,1,181.09,181.09,181.09,Low
17904,1,181.07,181.07,181.07,Low
15945,1,181.0,181.0,181.0,Low
16835,2,180.85,90.425,180.85,Low
18119,1,180.7,180.7,180.7,Low
18280,1,180.60000000000002,180.60000000000002,180.60000000000002,Low
13710,1,180.48,180.48,180.48,Low
14722,1,180.42,180.42,180.42,Low
12622,1,180.1,180.1,180.1,Low
15041,1,179.93,179.93,179.93,Low
18147,2,179.34,89.67,179.34,Low
15895,1,179.17,179.17,179.17,Low
15454,1,179.1,179.1,179.1,Low
14705,1,179.0,179.0,179.0,Low
16990,1,179.0,179.0,179.0,Low
16620,2,178.96,89.48,178.96,Low
15139,2,178.96,89.48,178.96,Low
15262,1,178.95000000000002,178.95000000000002,178.95000000000002,Low
17660,1,178.75,178.75,178.75,Low
13778,1,178.7,178.7,178.7,Low
17879,1,178.52,178.52,178.52,Low
15292,1,178.39,178.39,178.39,Low
18045,1,178.34,178.34,178.34,Low
17253,1,178.26,178.26,178.26,Low
17356,1,178.22,178.22,178.22,Low
18282,2,178.05,89.025,178.05,Low
16403,1,177.5,177.5,177.5,Low
13618,1,177.34,177.34,177.34,Low
12618,1,177.31,177.31,177.31,Low
13072,1,177.15,177.15,177.15,Low
17947,1,176.68,176.68,176.68,Low
14287,3,176.63,58.876666666666665,176.63,Low
12893,1,176.55,176.55,176.55,Low
12509,1,176.5,176.5,176.5,Low
18274,1,175.92,175.92,175.92,Low
17582,1,175.27,175.27,175.27,Low
17331,1,175.2,175.2,175.2,Low
16144,1,175.2,175.2,175.2,Low
18010,1,174.8,174.8,174.8,Low
14355,1,174.4,174.4,174.4,Low
14518,1,174.37,174.37,174.37,Low
18278,1,173.9,173.9,173.9,Low
16861,2,173.76,86.88,173.76,Low
14798,3,173.74,57.913333333333334,173.74,Low
16565,1,173.7,173.7,173.7,Low
12441,1,173.55,173.55,173.55,Low
17772,2,173.45,86.725,173.45,Low
15565,2,173.16000000000003,86.58000000000001,173.16000000000003,Low
15670,1,173.05,173.05,173.05,Low
14693,1,172.9,172.9,172.9,Low
12923,1,172.82,172.82,172.82,Low
18048,2,172.29000000000002,86.14500000000001,172.29000000000002,Low
13690,1,172.25,172.25,172.25,Low
13922,1,172.25,172.25,172.25,Low
12442,1,172.06,172.06,172.06,Low
16773,1,171.59,171.59,171.59,Low
17245,1,171.45000000000002,171.45000000000002,171.45000000000002,Low
13560,1,171.42000000000002,171.42000000000002,171.42000000000002,Low
15432,1,171.19000000000003,171.19000000000003,171.19000000000003,Low
14536,1,170.95,170.95,170.95,Low
17542,1,170.75,170.75,170.75,Low
14860,1,170.32,170.32,170.32,Low
15335,1,170.22,170.22,170.22,Low
18058,1,170.16,170.16,170.16,Low
15016,1,170.04,170.04,170.04,Low
13962,2,169.54999999999998,84.77499999999999,169.54999999999998,Low
14218,1,169.48000000000002,169.48000000000002,169.48000000000002,Low
12367,1,168.9,168.9,168.9,Low
14578,1,168.63,168.63,168.63,Low
18269,1,168.60000000000002,168.60000000000002,168.60000000000002,Low
18099,1,168.31,168.31,168.31,Low
15888,1,168.31,168.31,168.31,Low
16282,1,168.3,168.3,168.3,Low
17737,2,168.24,84.12,168.24,Low
15986,1,168.12,168.12,168.12,Low
15374,1,168.0,168.0,168.0,Low
12551,1,168.0,168.0,168.0,Low
16952,2,167.61,83.805,167.61,Low
17367,1,167.55,167.55,167.55,Low
15920,4,167.5,41.875,167.5,Low
16405,2,167.25,83.625,167.25,Low
14295,1,166.20000000000002,166.20000000000002,166.20000000000002,Low
17650,1,166.07999999999998,166.07999999999998,166.07999999999998,Low
12817,1,166.04000000000002,166.04000000000002,166.04000000000002,Low
18088,1,166.03,166.03,166.03,Low
17561,1,165.12,165.12,165.12,Low
18042,1,165.04999999999998,165.04999999999998,165.04999999999998,Low
13470,2,165.0,82.5,165.0,Low
15316,1,165.0,165.0,165.0,Low
15904,1,164.68,164.68,164.68,Low
17535,1,164.4,164.4,164.4,Low
13603,1,164.34,164.34,164.34,Low
14552,1,164.22,164.22,164.22,Low
14354,2,163.62,81.81,163.62,Low
17110,1,163.29999999999998,163.29999999999998,163.29999999999998,Low
17301,1,163.24,163.24,163.24,Low
13223,2,163.2,81.6,163.2,Low
14485,1,162.8,162.8,162.8,Low
12920,1,162.78,162.78,162.78,Low
16517,1,162.70000000000002,162.70000000000002,162.70000000000002,Low
15733,1,162.3,162.3,162.3,Low
18014,1,162.22,162.22,162.22,Low
15325,1,161.74,161.74,161.74,Low
17600,1,161.67000000000002,161.67000000000002,161.67000000000002,Low
15458,1,161.64,161.64,161.64,Low
16113,1,161.38,161.38,161.38,Low
14237,1,161.0,161.0,161.0,Low
13229,1,160.95,160.95,160.95,Low
15852,2,160.71,80.355,160.71,Low
12573,1,160.54000000000002,160.54000000000002,160.54000000000002,Low
18203,1,160.42000000000002,160.42000000000002,160.42000000000002,Low
18146,2,160.35,80.175,160.35,Low
14714,1,160.19,160.19,160.19,Low
12966,1,160.18,160.18,160.18,Low
13598,1,160.04,160.04,160.04,Low
13420,2,159.85,79.925,159.85,Low
16213,1,159.0,159.0,159.0,Low
18224,1,158.95000000000002,158.95000000000002,158.95000000000002,Low
13937,1,158.85,158.85,158.85,Low
15167,1,158.8,158.8,158.8,Low
14089,1,158.75,158.75,158.75,Low
17165,1,158.68,158.68,158.68,Low
15160,1,158.16,158.16,158.16,Low
15348,1,158.04,158.04,158.04,Low
18004,1,157.92,157.92,157.92,Low
17556,1,157.9,157.9,157.9,Low
14799,1,157.7,157.7,157.7,Low
17344,1,157.62,157.62,157.62,Low
14148,1,157.2,157.2,157.2,Low
17128,1,157.09,157.09,157.09,Low
14585,1,157.05,157.05,157.05,Low
17118,1,157.02,157.02,157.02,Low
15007,1,156.91,156.91,156.91,Low
15988,1,156.78,156.78,156.78,Low
14406,1,156.75,156.75,156.75,Low
15438,1,156.57999999999998,156.57999999999998,156.57999999999998,Low
15263,1,156.51,156.51,156.51,Low
17885,1,156.34,156.34,156.34,Low
13898,1,155.93,155.93,155.93,Low
17871,1,155.9,155.9,155.9,Low
17832,1,155.37,155.37,155.37,Low
12738,1,155.35,155.35,155.35,Low
15447,1,155.17000000000002,155.17000000000002,155.17000000000002,Low
13809,1,155.05,155.05,155.05,Low
14368,1,155.0,155.0,155.0,Low
14046,1,154.99,154.99,154.99,Low
17698,1,154.95,154.95,154.95,Low
15740,1,154.88,154.88,154.88,Low
17026,2,154.83,77.415,154.83,Low
17899,1,154.55,154.55,154.55,Low
15226,1,154.41,154.41,154.41,Low
16406,1,154.35,154.35,154.35,Low
16921,1,154.18,154.18,154.18,Low
17517,1,153.94,153.94,153.94,Low
16351,1,153.9,153.9,153.9,Low
12602,1,153.12,153.12,153.12,Low
17714,1,153.0,153.0,153.0,Low
16720,1,152.95,152.95,152.95,Low
16248,1,152.94,152.94,152.94,Low
14813,2,152.88,76.44,152.88,Low
17984,1,152.68,152.68,152.68,Low
18138,1,152.65,152.65,152.65,Low
14066,1,152.55,152.55,152.55,Low
17707,2,152.4,76.2,152.4,Low
13514,1,152.20000000000002,152.20000000000002,152.20000000000002,Low
14039,1,152.2,152.2,152.2,Low
17898,2,152.06,76.03,152.06,Low
16617,1,151.85,151.85,151.85,Low
14208,1,151.74,151.74,151.74,Low
14362,1,151.5,151.5,151.5,Low
13462,1,151.5,151.5,151.5,Low
17286,1,151.37,151.37,151.37,Low
13697,1,151.3,151.3,151.3,Low
16337,1,151.05,151.05,151.05,Low
14073,1,151.04,151.04,151.04,Low
14204,1,150.61,150.61,150.61,Low
18200,1,150.35,150.35,150.35,Low
15717,1,150.3,150.3,150.3,Low
16932,1,150.23000000000002,150.23000000000002,150.23000000000002,Low
17234,1,149.89,149.89,149.89,Low
15869,2,149.64,74.82,149.64,Low
17946,2,149.57999999999998,74.78999999999999,149.57999999999998,Low
18262,1,149.48,149.48,149.48,Low
15435,1,149.29,149.29,149.29,Low
13003,3,149.05,49.68333333333334,149.05,Low
17549,2,148.86,74.43,148.86,Low
15526,2,148.44,74.22,148.44,Low
14968,1,147.59,147.59,147.59,Low
14098,1,147.35,147.35,147.35,Low
14037,2,147.20000000000002,73.60000000000001,147.20000000000002,Low
12864,1,147.12,147.12,147.12,Low
17030,1,146.87,146.87,146.87,Low
14238,1,146.85,146.85,146.85,Low
16893,1,145.93,145.93,145.93,Low
12565,1,145.92000000000002,145.92000000000002,145.92000000000002,Low
17935,2,145.79,72.895,145.79,Low
13866,1,145.67,145.67,145.67,Low
15937,1,145.35000000000002,145.35000000000002,145.35000000000002,Low
16598,1,145.05,145.05,145.05,Low
17524,1,145.0,145.0,145.0,Low
16852,2,144.91,72.455,144.91,Low
12974,1,144.8,144.8,144.8,Low
15748,1,144.36,144.36,144.36,Low
14109,1,144.2,144.2,144.2,Low
12587,1,144.0,144.0,144.0,Low
17186,2,144.0,72.0,144.0,Low
17578,1,143.45999999999998,143.45999999999998,143.45999999999998,Low
15705,1,143.1,143.1,143.1,Low
16461,1,142.92,142.92,142.92,Low
13299,1,142.5,142.5,142.5,Low
16287,1,142.5,142.5,142.5,Low
14386,1,142.4,142.4,142.4,Low
13584,1,142.4,142.4,142.4,Low
17859,1,141.92,141.92,141.92,Low
13561,1,141.85999999999999,141.85999999999999,141.85999999999999,Low
14041,1,141.41,141.41,141.41,Low
15503,1,141.04,141.04,141.04,Low
15388,1,140.54,140.54,140.54,Low
13483,1,140.34,140.34,140.34,Low
14494,1,139.56,139.56,139.56,Low
16483,1,139.35,139.35,139.35,Low
17718,1,139.35,139.35,139.35,Low
14772,1,139.26,139.26,139.26,Low
18209,1,139.10000000000002,139.10000000000002,139.10000000000002,Low
15135,1,139.05,139.05,139.05,Low
13273,1,138.98,138.98,138.98,Low
12902,1,138.68,138.68,138.68,Low
14581,1,138.6,138.6,138.6,Low
17122,1,138.32,138.32,138.32,Low
13716,1,138.28,138.28,138.28,Low
15663,1,138.14,138.14,138.14,Low
16050,1,137.9,137.9,137.9,Low
13279,1,137.75,137.75,137.75,Low
17709,1,137.45,137.45,137.45,Low
15836,1,137.37,137.37,137.37,Low
14483,1,137.1,137.1,137.1,Low
17468,2,137.0,68.5,137.0,Low
15691,1,136.8,136.8,136.8,Low
14247,1,136.77,136.77,136.77,Low
16462,3,136.0,45.333333333333336,136.0,Low
16412,1,135.99,135.99,135.99,Low
12968,1,135.95,135.95,135.95,Low
15042,1,135.93,135.93,135.93,Low
14889,1,135.9,135.9,135.9,Low
15419,1,135.86,135.86,135.86,Low
16114,1,135.75000000000003,135.75000000000003,135.75000000000003,Low
15174,1,135.75,135.75,135.75,Low
16665,1,135.4,135.4,135.4,Low
17972,1,135.19,135.19,135.19,Low
13364,1,134.96,134.96,134.96,Low
16055,1,134.8,134.8,134.8,Low
14340,1,134.7,134.7,134.7,Low
15562,1,134.55,134.55,134.55,Low
14174,1,134.46,134.46,134.46,Low
12837,1,134.1,134.1,134.1,Low
14280,1,134.04,134.04,134.04,Low
16424,1,133.56,133.56,133.56,Low
14349,1,133.5,133.5,133.5,Low
12445,1,133.4,133.4,133.4,Low
17881,1,133.35,133.35,133.35,Low
15709,1,133.25,133.25,133.25,Low
17647,1,133.06,133.06,133.06,Low
12512,2,132.18,66.09,132.18,Low
17785,1,131.94,131.94,131.94,Low
14438,1,131.9,131.9,131.9,Low
12851,1,131.81,131.81,131.81,Low
17455,1,131.7,131.7,131.7,Low
14795,1,131.45000000000002,131.45000000000002,131.45000000000002,Low
15844,1,130.73999999999998,130.73999999999998,130.73999999999998,Low
16679,1,129.75,129.75,129.75,Low
16611,1,129.49,129.49,129.49,Low
16623,1,129.45000000000002,129.45000000000002,129.45000000000002,Low
15276,1,128.63,128.63,128.63,Low
16828,2,128.5,64.25,128.5,Low
17297,1,128.18,128.18,128.18,Low
15543,1,127.86,127.86,127.86,Low
17359,1,127.86,127.86,127.86,Low
13781,1,127.84,127.84,127.84,Low
15578,1,127.1,127.1,127.1,Low
15923,1,127.08,127.08,127.08,Low
14962,1,126.7,126.7,126.7,Low
16414,2,126.25,63.125,126.25,Low
15463,1,126.14,126.14,126.14,Low
16988,1,126.12,126.12,126.12,Low
12814,1,125.92,125.92,125.92,Low
13522,1,125.80000000000001,125.80000000000001,125.80000000000001,Low
14861,1,125.79,125.79,125.79,Low
14890,1,125.65,125.65,125.65,Low
15017,1,125.58,125.58,125.58,Low
12531,1,125.22,125.22,125.22,Low
17148,1,124.88,124.88,124.88,Low
16849,1,124.57,124.57,124.57,Low
16569,1,124.2,124.2,124.2,Low
14495,2,123.80000000000001,61.900000000000006,123.80000000000001,Low
16658,1,123.24,123.24,123.24,Low
15917,1,123.1,123.1,123.1,Low
13519,1,122.75,122.75,122.75,Low
13876,1,122.7,122.7,122.7,Low
13638,1,122.64,122.64,122.64,Low
16073,1,122.4,122.4,122.4,Low
18018,2,122.14,61.07,122.14,Low
13244,1,121.74000000000001,121.74000000000001,121.74000000000001,Low
13182,1,121.18,121.18,121.18,Low
15049,1,121.17000000000002,121.17000000000002,121.17000000000002,Low
14413,1,121.05,121.05,121.05,Low
15512,2,121.0,60.5,121.0,Low
13002,1,120.95,120.95,120.95,Low
17446,2,120.89999999999999,60.449999999999996,120.89999999999999,Low
14165,1,120.44,120.44,120.44,Low
18015,1,120.03,120.03,120.03,Low
14259,1,120.0,120.0,120.0,Low
14314,1,120.0,120.0,120.0,Low
14453,1,119.93,119.93,119.93,Low
16542,1,119.62,119.62,119.62,Low
15266,1,119.3,119.3,119.3,Low
16666,1,118.98,118.98,118.98,Low
15843,1,118.95,118.95,118.95,Low
17079,1,118.80000000000001,118.80000000000001,118.80000000000001,Low
14155,1,118.75,118.75,118.75,Low
14076,1,118.67,118.67,118.67,Low
13581,1,118.0,118.0,118.0,Low
12929,1,117.85,117.85,117.85,Low
17654,1,117.55,117.55,117.55,Low
16959,1,117.35000000000001,117.35000000000001,117.35000000000001,Low
13877,1,117.24,117.24,117.24,Low
17117,1,116.2,116.2,116.2,Low
17601,1,116.00999999999999,116.00999999999999,116.00999999999999,Low
14143,1,115.8,115.8,115.8,Low
15350,1,115.65,115.65,115.65,Low
13067,1,115.46000000000001,115.46000000000001,115.46000000000001,Low
18027,1,115.31,115.31,115.31,Low
14972,1,114.77,114.77,114.77,Low
13188,1,114.6,114.6,114.6,Low
16247,1,114.56,114.56,114.56,Low
14632,1,114.56,114.56,114.56,Low
17852,2,114.34,57.17,114.34,Low
17219,1,114.23,114.23,114.23,Low
14652,1,114.18,114.18,114.18,Low
12938,1,114.14,114.14,114.14,Low
14582,1,114.11,114.11,114.11,Low
12651,1,114.0,114.0,114.0,Low
14457,1,113.64,113.64,113.64,Low
15445,1,113.5,113.5,113.5,Low
17217,1,113.5,113.5,113.5,Low
18105,1,113.48000000000002,113.48000000000002,113.48000000000002,Low
16913,1,113.44,113.44,113.44,Low
15280,1,113.12,113.12,113.12,Low
14689,1,112.80000000000001,112.80000000000001,112.80000000000001,Low
13161,1,112.75,112.75,112.75,Low
16697,1,112.75,112.75,112.75,Low
13807,1,112.6,112.6,112.6,Low
18129,1,112.55000000000001,112.55000000000001,112.55000000000001,Low
15610,1,112.46000000000001,112.46000000000001,112.46000000000001,Low
17038,1,112.4,112.4,112.4,Low
14271,1,112.32000000000001,112.32000000000001,112.32000000000001,Low
17967,1,112.27,112.27,112.27,Low
17900,2,112.19999999999999,56.099999999999994,112.19999999999999,Low
13193,1,112.08,112.08,112.08,Low
12756,1,112.08,112.08,112.08,Low
17957,1,111.68,111.68,111.68,Low
17887,1,111.35,111.35,111.35,Low
18120,1,111.15,111.15,111.15,Low
13508,1,110.97,110.97,110.97,Low
13144,1,110.95,110.95,110.95,Low
15537,1,110.92,110.92,110.92,Low
15853,1,110.8,110.8,110.8,Low
16963,1,110.55000000000001,110.55000000000001,110.55000000000001,Low
14641,1,110.46000000000001,110.46000000000001,110.46000000000001,Low
12734,1,110.39999999999999,110.39999999999999,110.39999999999999,Low
17901,1,110.38,110.38,110.38,Low
16792,2,110.38,55.19,110.38,Low
18277,1,110.38,110.38,110.38,Low
17746,1,110.25,110.25,110.25,Low
17836,1,110.21000000000001,110.21000000000001,110.21000000000001,Low
13133,2,109.8,54.9,109.8,Low
16363,1,109.36000000000001,109.36000000000001,109.36000000000001,Low
14699,1,109.13000000000001,109.13000000000001,109.13000000000001,Low
14345,1,108.98,108.98,108.98,Low
13170,1,108.81,108.81,108.81,Low
17639,1,108.5,108.5,108.5,Low
16106,1,108.38,108.38,108.38,Low
13226,1,108.21000000000001,108.21000000000001,108.21000000000001,Low
12956,1,108.07,108.07,108.07,Low
14661,1,107.95,107.95,107.95,Low
17274,1,107.82,107.82,107.82,Low
16784,1,107.6,107.6,107.6,Low
15395,1,107.45,107.45,107.45,Low
17893,1,107.21,107.21,107.21,Low
16757,1,106.83000000000001,106.83000000000001,106.83000000000001,Low
15168,1,106.56,106.56,106.56,Low
15070,1,106.2,106.2,106.2,Low
17791,1,106.1,106.1,106.1,Low
16581,1,105.84,105.84,105.84,Low
15775,1,104.9,104.9,104.9,Low
14027,1,104.82,104.82,104.82,Low
15607,1,104.76,104.76,104.76,Low
15958,1,104.35,104.35,104.35,Low
18174,1,104.0,104.0,104.0,Low
18255,1,103.30000000000001,103.30000000000001,103.30000000000001,Low
17548,1,103.3,103.3,103.3,Low
14542,1,103.25,103.25,103.25,Low
18011,1,102.78999999999999,102.78999999999999,102.78999999999999,Low
14836,3,102.45,34.15,102.44999999999999,Low
17962,1,102.41,102.41,102.41,Low
14981,1,102.12,102.12,102.12,Low
13948,1,102.0,102.0,102.0,Low
15212,1,101.8,101.8,101.8,Low
18068,1,101.7,101.7,101.7,Low
16516,1,101.69999999999999,101.69999999999999,101.69999999999999,Low
17643,1,101.55,101.55,101.55,Low
16006,1,101.4,101.4,101.4,Low
18086,1,101.34,101.34,101.34,Low
13101,1,101.19,101.19,101.19,Low
16344,1,101.10000000000001,101.10000000000001,101.10000000000001,Low
16498,2,100.97,50.485,100.97,Low
14946,1,100.9,100.9,100.9,Low
17427,1,100.8,100.8,100.8,Low
14371,1,100.5,100.5,100.5,Low
13703,1,99.5,99.5,99.5,Low
17939,1,99.14,99.14,99.14,Low
15256,1,98.45,98.45,98.45,Low
17538,1,98.42,98.42,98.42,Low
17349,1,98.25,98.25,98.25,Low
15422,2,97.7,48.85,97.7,Low
12984,1,97.5,97.5,97.5,Low
17325,1,96.8,96.8,96.8,Low
15216,1,96.6,96.6,96.6,Low
14642,1,96.12,96.12,96.12,Low
17024,3,95.85,31.95,95.85,Low
17895,1,95.45,95.45,95.45,Low
18249,1,95.34,95.34,95.34,Low
12548,1,95.19999999999999,95.19999999999999,95.19999999999999,Low
16387,1,94.36,94.36,94.36,Low
13651,2,94.2,47.1,94.2,Low
16339,1,94.05,94.05,94.05,Low
15397,1,94.0,94.0,94.0,Low
18033,1,93.82000000000001,93.82000000000001,93.82000000000001,Low
15428,1,93.78,93.78,93.78,Low
18227,1,93.75,93.75,93.75,Low
13283,2,93.66,46.83,93.66,Low
17991,2,93.35,46.675,93.35,Low
12821,1,92.72,92.72,92.72,Low
14054,1,92.46000000000001,92.46000000000001,92.46000000000001,Low
12789,1,91.85,91.85,91.85,Low
13551,1,91.80000000000001,91.80000000000001,91.80000000000001,Low
13160,1,91.8,91.8,91.8,Low
12659,1,91.68,91.68,91.68,Low
15488,1,91.32000000000001,91.32000000000001,91.32000000000001,Low
13947,1,90.60000000000001,90.60000000000001,90.60000000000001,Low
14353,1,90.6,90.6,90.6,Low
18084,1,90.48,90.48,90.48,Low
16506,2,90.30000000000001,45.150000000000006,90.30000000000001,Low
15552,1,90.12,90.12,90.12,Low
16597,1,90.04,90.04,90.04,Low
14117,1,90.0,90.0,90.0,Low
14219,1,89.94,89.94,89.94,Low
14974,1,89.94,89.94,89.94,Low
14760,1,89.2,89.2,89.2,Low
12686,1,89.14,89.14,89.14,Low
14436,1,89.06,89.06,89.06,Low
12353,1,89.0,89.0,89.0,Low
15083,1,88.2,88.2,88.2,Low
15180,1,87.5,87.5,87.5,Low
13296,1,87.4,87.4,87.4,Low
15541,1,85.13000000000001,85.13000000000001,85.13000000000001,Low
13841,1,85.0,85.0,85.0,Low
15729,1,85.0,85.0,85.0,Low
13666,3,84.65,28.21666666666667,84.65,Low
12401,1,84.3,84.3,84.3,Low
17309,1,82.75,82.75,82.75,Low
13006,1,81.57,81.57,81.57,Low
17620,1,81.44,81.44,81.44,Low
18281,1,80.82,80.82,80.82,Low
16789,1,80.80000000000001,80.80000000000001,80.80000000000001,Low
13967,1,80.7,80.7,80.7,Low
17752,1,80.64,80.64,80.64,Low
13747,1,79.6,79.6,79.6,Low
15753,1,79.2,79.2,79.2,Low
16078,1,79.2,79.2,79.2,Low
17942,1,77.50000000000001,77.50000000000001,77.50000000000001,Low
14785,2,77.4,38.7,77.4,Low
13132,1,77.3,77.3,77.3,Low
13992,1,76.8,76.8,76.8,Low
14373,1,76.55,76.55,76.55,Low
13106,1,76.5,76.5,76.5,Low
17536,1,76.5,76.5,76.5,Low
16148,1,76.32000000000001,76.32000000000001,76.32000000000001,Low
18113,1,76.32000000000001,76.32000000000001,76.32000000000001,Low
15668,1,76.32000000000001,76.32000000000001,76.32000000000001,Low
14090,1,76.32000000000001,76.32000000000001,76.32000000000001,Low
17995,1,76.1,76.1,76.1,Low
17628,1,75.75,75.75,75.75,Low
16610,1,75.66,75.66,75.66,Low
13403,1,75.0,75.0,75.0,Low
16468,1,74.9,74.9,74.9,Low
18050,1,74.4,74.4,74.4,Low
13095,1,74.39999999999999,74.39999999999999,74.39999999999999,Low
17960,1,73.78,73.78,73.78,Low
12506,1,73.5,73.5,73.5,Low
18032,1,73.5,73.5,73.5,Low
16171,1,73.19999999999999,73.19999999999999,73.19999999999999,Low
17906,1,72.9,72.9,72.9,Low
13686,1,72.0,72.0,72.0,Low
13938,1,71.66,71.66,71.66,Low
13185,1,71.4,71.4,71.4,Low
17747,1,71.4,71.4,71.4,Low
17022,1,71.0,71.0,71.0,Low
18037,6,70.02,11.67,70.02,Low
15863,2,68.84,34.42,68.84,Low
14393,1,67.95,67.95,67.95,Low
17382,1,65.4,65.4,65.4,Low
13684,1,65.13,65.13,65.13,Low
13130,1,64.0,64.0,64.0,Low
13302,1,63.75,63.75,63.75,Low
17263,1,63.440000000000005,63.440000000000005,63.440000000000005,Low
14437,1,63.0,63.0,63.0,Low
12665,1,63.0,63.0,63.0,Low
14840,1,62.85,62.85,62.85,Low
13218,1,62.64,62.64,62.64,Low
15516,3,62.43,20.81,62.42999999999999,Low
13194,1,60.7,60.7,60.7,Low
17174,1,59.9,59.9,59.9,Low
13391,1,59.8,59.8,59.8,Low
13682,1,59.5,59.5,59.5,Low
14957,1,58.49,58.49,58.49,Low
13080,1,58.08,58.08,58.08,Low
17775,1,56.4,56.4,56.4,Low
15899,1,56.25,56.25,56.25,Low
13366,1,56.16,56.16,56.16,Low
16349,1,53.5,53.5,53.5,Low
15504,1,52.83,52.83,52.83,Low
13832,1,52.2,52.2,52.2,Low
14865,2,52.2,26.1,52.2,Low
15313,1,52.0,52.0,52.0,Low
14682,2,52.0,26.0,52.0,Low
17844,1,51.559999999999995,51.559999999999995,51.559999999999995,Low
14351,1,51.0,51.0,51.0,Low
13011,1,50.550000000000004,50.550000000000004,50.550000000000004,Low
18184,1,49.8,49.8,49.8,Low
14821,1,48.800000000000004,48.800000000000004,48.800000000000004,Low
15603,1,48.480000000000004,48.480000000000004,48.480000000000004,Low
16257,1,46.95,46.95,46.95,Low
14080,1,45.599999999999994,45.599999999999994,45.599999999999994,Low
15423,1,43.5,43.5,43.5,Low
14300,1,43.2,43.2,43.2,Low
15992,1,41.989999999999995,41.989999999999995,41.989999999999995,Low
15178,1,40.5,40.5,40.5,Low
14589,1,39.75,39.75,39.75,Low
12977,1,39.239999999999995,39.239999999999995,39.239999999999995,Low
16659,1,39.12,39.12,39.12,Low
18019,1,38.45,38.45,38.45,Low
12855,1,38.1,38.1,38.1,Low
16162,1,37.4,37.4,37.4,Low
17816,4,36.56,9.14,36.56,Low
15940,1,35.8,35.8,35.8,Low
17831,1,35.400000000000006,35.400000000000006,35.400000000000006,Low
14576,1,35.400000000000006,35.400000000000006,35.400000000000006,Low
16856,1,35.400000000000006,35.400000000000006,35.400000000000006,Low
15744,1,34.8,34.8,34.8,Low
16765,1,34.0,34.0,34.0,Low
17408,1,32.65,32.65,32.65,Low
13120,1,30.6,30.6,30.6,Low
15657,1,30.0,30.0,30.0,Low
18268,1,25.5,25.5,25.5,Low
17102,1,25.5,25.5,25.5,Low
17986,1,20.8,20.8,20.8,Low
16953,1,20.8,20.8,20.8,Low
16093,1,17.0,17.0,17.0,Low
17763,1,15.0,15.0,15.0,Low
15823,1,15.0,15.0,15.0,Low
13307,1,15.0,15.0,15.0,Low
16878,1,13.3,13.3,13.3,Low
17956,1,12.75,12.75,12.75,Low
16454,2,6.9,3.45,6.9,Low
14792,1,6.2,6.2,6.2,Low
16738,1,3.75,3.75,3.75,Low
